*Node
      1,   12.1153851,         52.5
      2,   6.73076916,         52.5
      3,   1.34615386,         52.5
      4,  -6.73076916,         52.5
      5,  -12.1153851,         52.5
      6,         17.5,         52.5
      7,        -17.5,         52.5
      8,        -17.5,        46.75
      9,        -17.5,          41.
     10,        -17.5,        35.25
     11,        -17.5,   29.4999981
     12,  -24.2933941,   18.6883736
     13,  -22.0181217,   20.1180229
     14,  -18.6883736,   24.2933941
     15,  -29.4999981,         17.5
     16,       -35.25,         17.5
     17,         -41.,         17.5
     18,       -46.75,         17.5
     19,        -52.5,         17.5
     20,        -52.5,   12.1153851
     21,        -52.5,   6.73076916
     22,        -52.5,   1.34615386
     23,        -52.5,  -6.73076916
     24,        -52.5,  -12.1153851
     25,        -52.5,        -17.5
     26,       -35.25,        -17.5
     27,         -41.,        -17.5
     28,       -46.75,        -17.5
     29,  -29.4999981,        -17.5
     30,  -24.2933941,  -18.6883736
     31,  -22.0181217,  -20.1180229
     32,  -18.6883736,  -24.2933941
     33,        -17.5,  -29.4999981
     34,        -17.5,       -46.75
     35,        -17.5,         -41.
     36,        -17.5,       -35.25
     37,        -17.5,        -52.5
     38,  -12.1153851,        -52.5
     39,  -6.73076916,        -52.5
     40,  -1.34615386,        -52.5
     41,   6.73076916,        -52.5
     42,   12.1153851,        -52.5
     43,         17.5,        -52.5
     44,         17.5,       -46.75
     45,         17.5,         -41.
     46,         17.5,       -35.25
     47,         17.5,  -29.4999981
     48,   24.2933941,  -18.6883736
     49,   22.0181217,  -20.1180229
     50,   18.6883736,  -24.2933941
     51,   29.4999981,        -17.5
     52,        35.25,        -17.5
     53,          41.,        -17.5
     54,        46.75,        -17.5
     55,         52.5,        -17.5
     56,         52.5,  -12.1153851
     57,         52.5,  -6.73076916
     58,         52.5,  -1.34615386
     59,         52.5,   6.73076916
     60,         52.5,   12.1153851
     61,         52.5,         17.5
     62,        35.25,         17.5
     63,          41.,         17.5
     64,        46.75,         17.5
     65,   29.4999981,         17.5
     66,   24.2933941,   18.6883736
     67,   22.0181217,   20.1180229
     68,   18.6883736,   24.2933941
     69,         17.5,   29.4999981
     70,         17.5,        46.75
     71,         17.5,          41.
     72,         17.5,        35.25
     73,  -12.0317478,   46.8893585
     74,  -5.81029844,   46.9820366
     75, -0.639634848,   46.5605354
     76,   5.87694931,   46.9027481
     77,   12.0029659,   46.7836876
     78,  -11.6462278,   41.0249405
     79,  -5.82102966,   41.2087097
     80, -0.138011977,   41.2770119
     81,   5.95152426,    40.995903
     82,    12.251976,   41.0077858
     83,  -12.1282654,   35.2663345
     84,  -6.09200621,   35.3874016
     85, -0.429122329,   35.1914787
     86,   6.04050684,   35.1759796
     87,   12.0802927,   35.5185356
     88,  -11.7071781,   29.3988171
     89,  -6.30011845,   28.9824829
     90,  0.199976206,   29.0759106
     91,   5.85412741,   28.5976391
     92,   11.7232437,   29.4116688
     93,  -11.5060272,   23.4558582
     94,  -6.10339499,   23.1218224
     95, -0.201235816,   22.8658009
     96,   6.32755375,   23.1316109
     97,   11.6000872,    23.429987
     98,  -17.1672363,   17.4437714
     99,  -11.7926168,    17.751379
    100,  -5.97904968,   17.1846142
    101, 0.0506432876,    17.480875
    102,   5.96821785,   17.3172665
    103,   11.5960178,   17.1117744
    104,   17.2418327,   17.3719044
    105,  -46.8835983,   12.0778408
    106,  -41.0962486,   11.8673897
    107,  -35.3159714,   12.2274342
    108,  -29.3702679,   11.7778578
    109,   -23.401247,   11.6048508
    110,  -16.9361057,   11.4466619
    111,  -11.6433916,   11.7353783
    112,  -5.65287066,   11.9583139
    113,  0.423514962,   11.9861975
    114,   5.59234762,   11.8328171
    115,   11.8985043,   11.4987078
    116,   17.5847473,   11.6139822
    117,   23.4262333,   11.5051165
    118,   29.3964615,    11.706996
    119,    35.265152,   12.1272182
    120,   41.0203285,   11.6408234
    121,   46.8896027,   12.0312958
    122,  -46.8523216,   5.98427725
    123,  -40.7052078,   6.23607492
    124,  -35.2816162,   6.35367441
    125,  -28.5805454,   5.91360331
    126,  -23.1255054,   6.33048344
    127,  -17.3048115,    5.9507885
    128,  -11.8325758,   5.57242727
    129,  -6.30726194,   6.25039101
    130,  0.320538521,   5.79151011
    131,   6.25686264,   6.30135918
    132,   11.9647226,   5.62329388
    133,   17.1778965,   5.92980146
    134,    23.114542,   6.09670448
    135,    28.966629,   6.29712868
    136,   35.3088875,    6.0648613
    137,   41.1512299,   5.75612926
    138,   46.9775658,   5.80129051
    139,  -46.5175095, -0.571508169
    140,  -41.1355782,  0.224287972
    141,  -34.7323723, -0.569276512
    142,  -29.0234203,  0.219311789
    143,  -22.8633652, -0.197440341
    144,  -17.4794559, 0.0522918291
    145,  -11.9856024,  0.423759252
    146,  -5.79873323,  0.309106916
    147, 0.0102975499, -0.0302453525
    148,   5.80535793, -0.324848801
    149,   11.9861765, -0.424434513
    150,   17.4800949, -0.0533386953
    151,   22.8633308,  0.196743622
    152,   29.0231476, -0.219289064
    153,   34.7323074,  0.569329858
    154,   41.1355743, -0.224282548
    155,   46.5175056,  0.571508288
    156,  -46.9775658,  -5.80129051
    157,  -41.1512299,  -5.75612879
    158,  -35.3088913,  -6.06485891
    159,    -28.96665,  -6.29715919
    160,  -23.1145306,  -6.09697199
    161,  -17.1777382,  -5.93018532
    162,  -11.9645681,  -5.62350655
    163,  -6.25451994,  -6.30677891
    164, -0.312499076,  -5.81330776
    165,    6.3081646,  -6.25217342
    166,   11.8333664,  -5.57361317
    167,   17.3059521,  -5.95275402
    168,   23.1257057,  -6.33143282
    169,   28.5802364,  -5.91335487
    170,   35.2815399,  -6.35350943
    171,    40.705204,  -6.23606396
    172,   46.8523216,  -5.98427677
    173,  -46.8896027,  -12.0312958
    174,  -41.0203285,  -11.6408234
    175,   -35.265152,  -12.1272202
    176,  -29.3964634,  -11.7070961
    177,  -23.4263115,  -11.5058947
    178,  -17.5850182,  -11.6152096
    179,  -11.8986635,   -11.499218
    180,  -5.59236431,  -11.8328791
    181, -0.423173845,  -11.9868336
    182,   5.65321064,  -11.9587297
    183,   11.6446896,  -11.7367582
    184,   16.9387226,  -11.4487333
    185,   23.4047718,  -11.6057844
    186,   29.3723202,  -11.7777214
    187,   35.3160439,  -12.2273369
    188,   41.0962486,   -11.867382
    189,   46.8835983,  -12.0778408
    190,  -17.2441788,  -17.3793583
    191,  -11.5967073,  -17.1133575
    192,  -5.96835279,  -17.3174667
    193, -0.0506233312,  -17.4808998
    194,   5.97930384,  -17.1847763
    195,   11.7945309,  -17.7518997
    196,   17.1753883,   -17.445055
    197,  -11.6011438,  -23.4316177
    198,  -6.32782078,  -23.1319504
    199,  0.201233074,  -22.8658161
    200,   6.10350657,  -23.1218395
    201,   11.5068808,  -23.4558868
    202,  -11.7237425,  -29.4129143
    203,   -5.8541503,  -28.5977917
    204, -0.199975416,  -29.0759182
    205,   6.30013514,  -28.9824829
    206,   11.7072659,  -29.3988171
    207,   -12.081461,  -35.5193367
    208,  -6.04045725,  -35.1760139
    209,  0.429124326,  -35.1914787
    210,   6.09200668,  -35.3874016
    211,   12.1282654,  -35.2663345
    212,  -12.2525215,  -41.0075417
    213,  -5.95155287,  -40.9958916
    214,  0.138009757,  -41.2770119
    215,   5.82102966,  -41.2087097
    216,   11.6462278,  -41.0249405
    217,  -12.0029984,  -46.7836838
    218,  -5.87695169,  -46.9027481
    219,   0.63963455,  -46.5605354
    220,   5.81029844,  -46.9820366
    221,   12.0317478,  -46.8893585
    222,   14.8076925,         52.5
    223,   9.42307663,         52.5
    224,   4.03846169,         52.5
    225,  -1.34615386,         52.5
    226,  -4.03846169,         52.5
    227,  -9.42307663,         52.5
    228,  -14.8076925,         52.5
    229,        -17.5,       49.625
    230,        -17.5,       43.875
    231,        -17.5,       38.125
    232,        -17.5,       32.375
    233,  -26.8297482,   17.8008652
    234,  -20.1180229,   22.0181217
    235,  -17.8008652,   26.8297482
    236,      -32.375,         17.5
    237,      -38.125,         17.5
    238,      -43.875,         17.5
    239,      -49.625,         17.5
    240,        -52.5,   14.8076925
    241,        -52.5,   9.42307663
    242,        -52.5,   4.03846169
    243,        -52.5,  -1.34615386
    244,        -52.5,  -4.03846169
    245,        -52.5,  -9.42307663
    246,        -52.5,  -14.8076925
    247,      -32.375,        -17.5
    248,      -38.125,        -17.5
    249,      -43.875,        -17.5
    250,      -49.625,        -17.5
    251,  -26.8297482,  -17.8008652
    252,  -20.1180229,  -22.0181217
    253,  -17.8008652,  -26.8297482
    254,        -17.5,      -49.625
    255,        -17.5,      -43.875
    256,        -17.5,      -38.125
    257,        -17.5,      -32.375
    258,  -14.8076925,        -52.5
    259,  -9.42307663,        -52.5
    260,  -4.03846169,        -52.5
    261,   1.34615386,        -52.5
    262,   4.03846169,        -52.5
    263,   9.42307663,        -52.5
    264,   14.8076925,        -52.5
    265,         17.5,      -49.625
    266,         17.5,      -43.875
    267,         17.5,      -38.125
    268,         17.5,      -32.375
    269,   26.8297482,  -17.8008652
    270,   20.1180229,  -22.0181217
    271,   17.8008652,  -26.8297482
    272,       32.375,        -17.5
    273,       38.125,        -17.5
    274,       43.875,        -17.5
    275,       49.625,        -17.5
    276,         52.5,  -14.8076925
    277,         52.5,  -9.42307663
    278,         52.5,  -4.03846169
    279,         52.5,   1.34615386
    280,         52.5,   4.03846169
    281,         52.5,   9.42307663
    282,         52.5,   14.8076925
    283,       32.375,         17.5
    284,       38.125,         17.5
    285,       43.875,         17.5
    286,       49.625,         17.5
    287,   26.8297482,   17.8008652
    288,   20.1180229,   22.0181217
    289,   17.8008652,   26.8297482
    290,         17.5,       49.625
    291,         17.5,       43.875
    292,         17.5,       38.125
    293,         17.5,       32.375
    294,  -27.8856564,  -15.2149639
    295,   27.8856564,   15.2147055
    296,  -15.2151966,   27.8906384
    297,  -27.8754978,   15.2521677
    298,   15.2154589,  -27.8906345
    299,   27.8803902,   -15.252676
    300,   15.2385597,   27.8907528
    301,   -15.239109,  -27.8918457
    302,   24.9419518,   16.1372738
    303,   -17.437809,  -22.1734467
    304,  -16.1649208,  -24.9417801
    305,  -19.2334194,  -19.2745819
    306,    19.231245,   19.2703724
    307,  -24.9421577,  -16.1384487
    308,   17.4362946,   22.1716957
    309,  -22.1538696,  -17.4450893
    310,   16.1640739,   24.9405022
    311,   22.1531849,   17.4428539
    312,   22.1487541,  -17.4543724
    313,   17.4344997,  -22.1855373
    314,  -17.4297943,   22.1850548
    315,  -19.2172985,   19.2906475
    316,   16.1402187,  -24.9473019
    317,    24.935318,  -16.1713142
    318,   19.2177677,  -19.2939854
    319,  -24.9360485,   16.1676102
    320,  -16.1389427,   24.9472294
    321,  -22.1414242,   17.4574261
    322,   13.7377977,  -49.8782997
    323,  -13.7377977,   49.8782997
    324,   -49.878437,  -13.7377138
    325,    49.878437,   13.7377138
    326,    10.828825,   50.0122375
    327,  -10.8288298,  -50.0122375
    328,   50.0408859,  -10.8452005
    329,  -50.0408859,   10.8452005
    330,   13.7340488,   49.8431778
    331,  -49.8732681,   13.7473726
    332,  -13.7340555,  -49.8431778
    333,   49.8732681,  -13.7473717
    334,     8.262887,  -50.2243004
    335,   5.60620117,   49.7230606
    336,  0.150418624,  -49.5491333
    337,   2.87694526,  -50.0689392
    338, -0.150418699,   49.5491333
    339,  -2.87694526,   50.0689392
    340,  -5.60620165,  -49.7230606
    341,    -8.262887,   50.2243004
    342,  -50.0687981,  -2.86815166
    343,   50.0687981,   2.86815166
    344,   49.7151718,  -5.62828112
    345,   50.2265053,    8.2624197
    346,  -49.7151718,   5.62828112
    347,    49.537941,  0.131389394
    348,   -49.537941,  -0.13138938
    349,  -50.2265053,   -8.2624197
    350,   8.26072216,   50.1909943
    351,   2.77660227,   49.9088326
    352,  -5.60188293,    49.798996
    353,  -10.8364887,   50.0435333
    354,  -50.2014847,   8.27474213
    355,  -49.8971443,   2.79624343
    356,  -49.8007469,  -5.59872293
    357,  -50.0442085,  -10.8362894
    358,  -8.26072311,  -50.1909943
    359,  -2.77660227,  -49.9088326
    360,   5.60188293,   -49.798996
    361,   10.8364887,  -50.0435333
    362,   50.2014847,  -8.27474213
    363,   49.8971443,  -2.79624343
    364,   49.8007469,   5.59872293
    365,   50.0442085,   10.8362894
    366,   47.6803131,  -15.1644726
    367,  -14.9850178,   45.2677498
    368,  -14.8791924,   39.5564842
    369,  -33.8248024,   -14.958478
    370,   -36.690506,   15.0074272
    371,  -39.5561829,  -14.8773537
    372,  -42.4573402,   14.9577074
    373,  -45.2676926,  -14.9847469
    374,  -47.6803131,   15.1644726
    375,   14.9850178,  -45.2677498
    376,   14.8791924,  -39.5564842
    377,   36.6905174,  -15.0073967
    378,   42.4573402,  -14.9577055
    379,   45.2676926,   14.9847469
    380,   39.5561829,   14.8773537
    381,   33.8248024,   14.9584761
    382,  -15.1509123,   47.6820793
    383,  -14.8926477,   42.4454002
    384,  -14.9548407,    36.679863
    385,  -33.8240776,   14.9978361
    386,  -39.5783997,   14.9550924
    387,  -45.2665672,   15.0223675
    388,  -36.6800308,   -14.956254
    389,  -42.4445076,  -14.8912745
    390,   -47.682148,  -15.1507511
    391,   15.1509123,  -47.6820793
    392,   14.8926477,  -42.4454002
    393,   14.9548407,   -36.679863
    394,   33.8243599,  -14.9977655
    395,   39.5783997,  -14.9550829
    396,   45.2665672,  -15.0223675
    397,   36.6800308,   14.9562531
    398,   42.4445076,   14.8912745
    399,    47.682148,   15.1507511
    400,   -14.957262,   33.8241501
    401,    14.957262,  -33.8241501
    402,    15.150424,   47.6421509
    403,   15.0309238,   42.4136009
    404,  -15.1504345,  -47.6421509
    405,   -15.031518,  -42.4135437
    406,  -15.0212679,  -39.5932693
    407,   15.0211058,   39.5946541
    408,   14.9488468,   33.8860168
    409,   14.9919949,   36.7720528
    410,  -14.9883251,  -36.7685547
    411,  -15.0210295,  -45.2118149
    412,  -14.9570513,  -33.8877983
    413,   15.0209007,   45.2118263
    414,  -14.9431009,   -30.928236
    415,   14.9413652,   30.9271069
    416,  -14.9364357,   30.9090748
    417,   14.9364948,  -30.9090729
    418,  -30.8952293,   14.9709921
    419,   30.8964977,  -14.9710131
    420,  -30.9079914,   -14.936801
    421,   30.9079914,   14.9367399
    422,   3.96003246,   47.8845215
    423,  -47.8492699,   4.02091742
    424,   47.8492699,  -4.02091742
    425,  -3.96003294,  -47.8845215
    426,  -3.95138621,   48.1220932
    427,  -48.1123428,  -3.93853664
    428,   3.95138621,  -48.1220932
    429,   48.1123428,   3.93853664
    430,   -12.944068,  -38.2594604
    431,    12.944417,   38.2603683
    432,   12.7592449,    32.539917
    433,  -12.7615461,  -32.5410156
    434,  -32.4427795,   12.8522062
    435,   32.4435387,   -12.852088
    436,  -14.4949808,  -22.7181263
    437,  -22.6913166,   -14.473403
    438,   22.6908493,   14.4713659
    439,   14.4937325,   22.7157249
    440,   22.6648693,  -14.5110703
    441,   14.4646339,  -22.7488861
    442,  -14.4619827,   22.7486649
    443,  -22.6603565,   14.5101938
    444,   25.7609921,   13.2203503
    445,  -25.7611179,  -13.2211008
    446,  -25.7413406,   13.2943478
    447,  -13.2194986,   25.7780418
    448,   13.2203741,  -25.7780952
    449,   25.7439804,  -13.2953138
    450,   13.2775784,   25.7665291
    451,  -13.2783728,  -25.7679501
    452,  -3.27779269,   45.8065681
    453,  -45.7671471,  -3.22265172
    454,   3.27779245,  -45.8065681
    455,   45.7671471,   3.22265172
    456,   3.66484618,   45.5996056
    457,  -45.5160065,   3.83142233
    458,   45.5160065,  -3.83142209
    459,  -3.66484928,  -45.5996056
    460,  -7.52922201,  -48.1829987
    461,   48.1765099,  -7.60479784
    462,  -48.1765099,   7.60479784
    463,    7.5292201,   48.1829987
    464,   7.53879642,  -48.2303619
    465,  -7.53879642,   48.2303619
    466,   48.2308807,   7.53617477
    467,  -48.2308807,  -7.53617477
    468,   19.6308079,  -15.9799824
    469,   15.8836145,  -19.9045963
    470,  -15.8799143,   19.9035416
    471,  -15.9169912,  -19.8354511
    472,     15.91537,   19.8317966
    473,  -19.7084045,  -15.9411926
    474,   19.7072868,   15.9377937
    475,   -19.626049,   15.9789886
    476,  -32.7910118,   10.3607225
    477,   32.7914581,  -10.3604984
    478,  -10.1571035,  -32.9450188
    479,   10.1564999,   32.9444351
    480,  -10.4291735,  -38.3606377
    481,   10.4289474,   38.3606987
    482,   10.2904329,  -26.2228794
    483,  -10.2900934,   26.2228661
    484,  -26.2132759,  -10.2898664
    485,   26.2132378,   10.2895422
    486,   20.1355858,   12.5174608
    487,  -20.1359901,  -12.5190754
    488,  -19.9742069,   12.5392294
    489,   12.5405855,   20.1609936
    490,  -12.5415974,  -20.1631298
    491,  -12.5312176,   20.3106327
    492,   12.5333052,  -20.3110371
    493,     19.97752,  -12.5407114
    494,  -9.41845226,  -48.2093735
    495,   48.2318726,  -9.49684525
    496,  -48.2318726,   9.49684525
    497,   9.41844273,   48.2093735
    498,  -48.2540169,  -9.44735527
    499,   48.2540169,   9.44735527
    500,   9.44815922,  -48.2529564
    501,  -9.44815922,   48.2529564
    502,  -8.45322704,  -45.8620071
    503,   45.8355217,   -8.7179184
    504,  -45.8355217,   8.71791935
    505,   8.45319748,    45.862011
    506,   8.55925083,  -45.8892288
    507,  -8.55925083,   45.8892288
    508,   45.8851967,   8.55263519
    509,  -45.8851967,  -8.55263519
    510,   5.86923313,  -44.2019348
    511,  -5.86923313,   44.2019348
    512,  -44.1669693,  -5.82563448
    513,   44.1669693,   5.82563448
    514,   44.0234566,  -6.19765806
    515,  -44.0234566,   6.19766045
    516,   5.86639786,   44.2038345
    517,  -5.86641836,  -44.2038307
    518,  -35.4357758,   9.17258549
    519,   35.4358368,  -9.17243576
    520,   8.66854954,   35.8283463
    521,  -8.66881275,  -35.8285522
    522,   9.11419868,   40.9369545
    523,  -9.11435986,  -40.9368896
    524,   9.47826385,  -21.6496181
    525,  -9.47757626,   21.6495037
    526,   21.5732861,  -9.54901123
    527,   9.55049324,   21.6210842
    528,  -9.55114841,  -21.6221218
    529,  -21.6014919,  -9.46146393
    530,   21.6014023,   9.46087456
    531,  -21.5714703,   9.54763031
    532,  -16.4545898,   14.6435452
    533,  -16.8081169,  -14.4403839
    534,   16.8072662,    14.437562
    535,  -14.5760489,  -17.2394199
    536,   14.5748816,   17.2362423
    537,   16.4585323,   -14.644927
    538,   14.4022741,  -17.5108891
    539,  -14.3986435,   17.5099316
    540,  -24.1188793,  -8.97664833
    541,   24.1188393,   8.97624207
    542,  -8.98141956,    24.138073
    543,   8.98182678,  -24.1381073
    544,   3.26147723,  -42.7331085
    545,  -3.26147771,   42.7331085
    546,  -42.6487465,  -3.12191534
    547,   42.6487465,   3.12191629
    548,   42.6444931,  -3.53742266
    549,  -42.6444969,   3.53742647
    550,   3.22214055,   42.7286301
    551,  -3.22215104,  -42.7286263
    552,  -33.3013725,   7.89447069
    553,   33.3013725,  -7.89417076
    554,   -37.981308,   10.4934273
    555,   37.9813271,  -10.4933758
    556,  -7.63448858,  -33.4014778
    557,   7.63435936,   33.4012642
    558,   10.4576178,   43.5902901
    559,  -10.4577761,  -43.5902367
    560,   10.1314487,  -19.2362022
    561,   24.0839653,  -9.12442112
    562,  -10.1303301,   19.2359085
    563,  -9.11981773,  -24.1021347
    564,   9.11925983,   24.1012936
    565,   19.1514759,   10.0493755
    566,  -19.1516342,  -10.0501699
    567,  -24.0825939,   9.12382126
    568,   26.2250366,   7.52470684
    569,  -26.2250576,  -7.52489901
    570,  -7.52791357,   26.2351532
    571,   7.52806711,  -26.2351646
    572,   42.6631546,   8.45967102
    573,  -42.6631546,  -8.45967102
    574,   8.48331261,  -42.6833878
    575,  -8.48331261,   42.6833878
    576,  -42.6321716,   8.82030106
    577,   42.6321716,  -8.82029629
    578,     12.55126,  -15.0071964
    579,  -12.5491562,   15.0061474
    580,   14.4117718,  -12.5917053
    581,  -13.3749247,  -14.4334269
    582,   13.3743629,   14.4318419
    583,  -15.0789289,  -11.7824936
    584,   15.0786095,   11.7813587
    585,  -14.4094667,   12.5901012
    586,  -19.0506802,   9.97626877
    587,   10.0168591,   19.1439686
    588,  -10.0174456,  -19.1450882
    589,  -7.64865923,  -38.4415092
    590,   7.64855146,   38.4414978
    591,   19.0527802,  -9.97819805
    592,  -28.3274918,  -8.82227135
    593,   28.3274746,   8.82213974
    594,  -8.82359886,   28.3351746
    595,   8.82371902,  -28.3351784
    596,   44.0801392,  -10.8835249
    597,  -44.0801392,   10.8835268
    598,   10.7131977,  -44.0870285
    599,  -10.7131977,   44.0870285
    600,   44.0812225,   10.7058296
    601,  -44.0812225,  -10.7058296
    602,  -32.4331665,  -12.7855844
    603,   32.4331665,   12.7855501
    604,    12.785552,  -32.4340553
    605,  -12.7855225,   32.4340591
    606,  -5.11910868,   -32.140625
    607,   5.11911631,   32.1405373
    608,  -32.1182213,   5.24552917
    609,    32.118042,  -5.24526787
    610,   7.58968401,  -19.6601639
    611,  -7.58920145,   19.6600037
    612,   19.7036629,  -7.52963638
    613,  -7.54563665,  -19.7371216
    614,   7.54529905,   19.7365799
    615,   19.6320133,     7.534266
    616,  -19.6320057,  -7.53472853
    617,  -19.7024097,   7.52783489
    618,   -9.2972765,   16.7616997
    619,   9.29829884,  -16.7621841
    620,   17.0095081,  -8.71902561
    621,  -8.79125977,  -17.0668831
    622,   8.79090309,    17.066185
    623,  -17.0078506,   8.71705914
    624,    16.735508,   9.09457779
    625,    -16.73559,  -9.09523106
    626,  -4.96594143,  -37.6218452
    627,    4.9659338,   37.6218376
    628,   40.0043068,  -3.31228781
    629,  -40.0043182,   3.31230354
    630,   3.27243376,  -39.7888908
    631,  -3.27243423,   39.7888908
    632,  -39.6463737,  -3.09997845
    633,   39.6463699,   3.09998226
    634,   1.11759949,   44.6080742
    635,  -1.11760223,  -44.6080742
    636,   2.81814766,   39.6953659
    637,  -2.81815648,  -39.6953659
    638,   1.23986244,  -44.1970596
    639,  -1.23986351,   44.1970596
    640,  -44.1135101,  -1.07474697
    641,   44.1135101,    1.0747484
    642,  -44.5364342,   1.30396032
    643,   44.5364304,  -1.30395842
    644,  -37.8724594,   7.68981457
    645,   37.8724594,  -7.68974447
    646,  -38.1324883,   12.9101543
    647,   38.1325073,  -12.9101152
    648,  -30.7329826,   8.33647537
    649,   30.7333546,  -8.33621407
    650,   10.3635597,    26.179184
    651,  -10.3640862,  -26.1801548
    652,    12.952877,   43.8014374
    653,  -12.9531689,  -43.8013649
    654,   26.1585979,  -10.3853464
    655,  -26.1570072,    10.385047
    656,  -8.21290016,  -30.7917614
    657,   8.21269035,   30.7913189
    658,   14.4199753,  -10.0737057
    659,   10.2839317,   14.4372902
    660,  -10.2842579,   -14.438076
    661,   -14.418293,   10.0719519
    662,    -43.94067,  -12.8507938
    663,  -43.9567795,   12.9617662
    664,   12.8537683,   -43.942894
    665,   43.9567795,  -12.9617643
    666,     43.94067,   12.8507938
    667,  -12.8537683,    43.942894
    668,    10.279808,  -32.7530327
    669,  -10.2797871,   32.7530327
    670,   32.7471237,   10.2775841
    671,  -32.7471275,  -10.2776098
    672,   8.36942959,  -30.8177528
    673,  -8.36938763,   30.8177528
    674,  -30.8020058,  -8.36627674
    675,   30.8019962,   8.36622906
    676,   2.25350142,   37.1603661
    677,  -2.25350237,  -37.1603699
    678,  -14.5566607,   7.23609924
    679,   7.30127954,   14.5705528
    680,  -7.30143595,  -14.5708771
    681,   14.5578728,  -7.23775434
    682,   34.9576988,  -3.22342205
    683,  -34.9577942,   3.22354317
    684,   3.27691078,   34.9115257
    685,  -3.27690077,  -34.9115486
    686,  -26.0223236,   7.64475298
    687,   7.62156582,   26.0359879
    688,  -7.62180805,  -26.0364513
    689,   26.0227222,  -7.64496517
    690,   1.78817105,   47.3517838
    691,  -47.3090515,   1.87494099
    692,   47.3090515,  -1.87494063
    693,  -1.78817225,  -47.3517838
    694,   37.7627831,  -4.75745964
    695,  -37.7628174,   4.75752783
    696,   5.78491211,  -38.3778229
    697,  -5.78491211,   38.3778229
    698,  -38.2902832,  -5.71928406
    699,   38.2902794,   5.71928549
    700,  -40.0574799,   9.02140141
    701,   40.0574799,   -9.0213728
    702,   9.06792641,  -35.2924423
    703,  -9.06792259,   35.2924423
    704,   35.2685776,   9.05717468
    705,  -35.2685776,  -9.05717945
    706,   5.41151524,  -32.1846771
    707,  -5.41150618,   32.1846771
    708,  -32.1108589,  -5.40514135
    709,   32.1108322,   5.40513802
    710,  -20.0700474,   4.53622723
    711,  -4.54718685,   19.9266396
    712,   4.54734039,  -19.9267025
    713,   20.0706921,  -4.53769016
    714,  -19.9189816,  -4.52688265
    715,   19.9191647,   4.52634668
    716,   4.54179001,   20.0794239
    717,  -4.54192448,  -20.0796185
    718,  -6.83096743,  -36.7669792
    719,   6.83088541,   36.7669144
    720,  0.641915262,   38.3213272
    721, -0.641917408,  -38.3213272
    722,  -48.0007477,  -2.14644742
    723,   48.0007477,   2.14644742
    724,   32.0378151,  -1.73707998
    725,  -32.0380096,   1.73721313
    726,  -28.1726246,   8.81154728
    727,  -8.75533772,  -28.2038136
    728,   8.75503731,   28.2031593
    729,   28.1734467,  -8.81152058
    730,    37.761425,  -1.66254866
    731,  -37.7614632,   1.66259456
    732,  -3.40469575,   36.9133911
    733,  -36.7041817,   -3.3292942
    734,   3.40469599,  -36.9133911
    735,   36.7041626,   3.32930803
    736,   8.31284142,  -39.7260857
    737,  -8.31284142,   39.7260857
    738,  -39.6916313,  -8.28166199
    739,   39.6916313,   8.28166294
    740,   7.84413719,  -33.2870598
    741,  -7.84412193,   33.2870598
    742,   10.2996025,  -37.7773323
    743,  -10.2996016,   37.7773323
    744,   33.2474823,   7.83419752
    745,  -33.2474937,  -7.83421326
    746,  -37.7613564,  -10.2874832
    747,   37.7613564,   10.2874823
    748,   3.12856579,  -29.7749138
    749,  -3.12855911,   29.7749119
    750,  -29.7052994,  -3.12439895
    751,   29.7051983,   3.12438369
    752,   3.01614785,   17.4722576
    753,  -3.01619506,  -17.4723415
    754,   17.3523903,   2.92631269
    755,  -17.3520164,  -2.92696691
    756,  -17.4673462,   3.01073933
    757,   2.94293594,  -17.3553905
    758,  -2.94281888,   17.3553162
    759,   17.4681473,   -3.0121212
    760,  -1.73651576,  -32.1508713
    761,   1.73652065,   32.1508484
    762,   4.42249966,   14.8257551
    763,  -4.42255259,  -14.8258696
    764,  -14.8199701,   4.40362644
    765,   14.8208923,  -4.40498829
    766,   11.9144382,  -8.65432453
    767,  -8.73875237,  -11.8895254
    768,   8.73863792,    11.889225
    769,  -11.9134054,   8.65295506
    770,  -7.96866703,  -43.1177711
    771,    7.9685874,   43.1177979
    772,   7.26804256,  -14.4241314
    773,  -7.26748562,   14.4236517
    774,    14.429944,   7.16865396
    775,  -14.4298563,  -7.16901255
    776,   -3.0430088,   22.1085854
    777,   22.5939732,  -2.94677377
    778,    3.0430665,  -22.1086082
    779,  -2.94432163,  -22.5974884
    780,   2.94424462,   22.5973835
    781,   22.1045151,   3.03488588
    782,  -22.1044292,  -3.03542042
    783,  -22.5939903,   2.94589162
    784,   37.9959679,   1.02235782
    785,  -37.9959946,  -1.02233326
    786,  -2.17923546,   48.0214539
    787,   2.17923546,  -48.0214539
    788,   4.66722679,  -26.6490765
    789,  -4.66717625,   26.6490707
    790,  -26.6287689,  -4.66215372
    791,   26.6287041,   4.66199875
    792,   1.32046926,    -38.29842
    793,  -1.32046986,     38.29842
    794,  -2.67925406,   32.6727448
    795,   2.67925787,  -32.6727448
    796,   32.4843559,   2.70504427
    797,  -32.4844246,  -2.70502162
    798,   1.46427286,   20.0862408
    799,  -1.46431041,  -20.0863132
    800,    14.637516,   4.27633333
    801,  -14.6372328,  -4.27676821
    802,  -20.0824184,   1.46417904
    803,    4.3105979,  -14.6373682
    804,  -4.31034088,   14.6371508
    805,   20.0828152,   -1.4652344
    806,   9.73155785,  -9.84246159
    807,  -9.73077106,   9.84139824
    808,  -9.90297699,  -9.67910957
    809,   9.90293217,   9.67889023
    810,   9.86135483,  -13.9700489
    811,  -9.86023331,   13.9692011
    812,   14.0187778,   9.60293961
    813,  -14.0188694,  -9.60350609
    814,  -1.53655577,   19.9705772
    815,   1.53660703,  -19.9706211
    816,   24.6560478,  -3.83609986
    817,  -3.82717299,  -24.6605797
    818,    3.8270843,   24.6604633
    819,   19.9670525,   1.52761924
    820,  -19.9667778,  -1.52837324
    821,  -24.6563663,   3.83562493
    822,   7.50718307,   9.32540035
    823,  -7.50681067,   -9.3264122
    824,  -9.34115028,   7.47586107
    825,   9.34188557,  -7.47700262
    826,  -24.6246986,  -2.70009875
    827,   24.6246223,   2.69975734
    828,  -2.70728803,   24.6348934
    829,    2.7073245,   -24.634903
    830,   37.2641449,   7.88209343
    831,  -37.2641487,  -7.88209343
    832,   7.91145802,  -37.3122177
    833,  -7.91145706,   37.3122177
    834,  -14.8914757,   1.60040808
    835,   1.60411119,   14.8940639
    836,  -1.60404825,  -14.8942146
    837,   14.8921833,  -1.60142732
    838,   12.7816257,  -38.0609894
    839,  -12.7816257,   38.0609894
    840,  -38.0566101,  -12.7778273
    841,   38.0566101,   12.7778263
    842,   7.25120354,  -9.42534351
    843,   9.44764042,   7.22068453
    844,  -9.44714069,  -7.22187233
    845,  -7.25059223,    9.4244194
    846,  -27.1726341,  -2.06792474
    847,   27.1724758,   2.06777072
    848,  -2.07723236,   27.2051544
    849,   2.07725072,   -27.205162
    850,   14.7409649,   1.30358887
    851,    1.3132267,  -14.7420959
    852,  -1.31306374,     14.74189
    853,  -14.7404795,  -1.30427778
    854,   25.8714333,  -5.31129694
    855,  -5.28835344,  -25.8815842
    856,   5.28822613,   25.8813648
    857,  -25.8715553,   5.31102037
    858,   5.10784769,     9.044034
    859,  -5.10698652,  -9.04603863
    860,  -9.04848671,   5.09535742
    861,    9.0491972,  -5.09648991
    862,  -12.7705297,   3.00226521
    863,   3.01123309,   12.7725239
    864,  -3.01115584,  -12.7727156
    865,   12.7712345,  -3.00324154
    866,  -24.5935478,   1.86848569
    867,    1.8595556,   24.5991516
    868,   -1.8595928,   -24.599205
    869,   24.5933018,  -1.86895204
    870,  -34.2681465,  -3.61471844
    871,   34.2681084,   3.61473632
    872,   3.60332012,  -34.4699402
    873,  -3.60331702,   34.4699402
    874,  -11.9436789,  -8.46603775
    875,   11.9437532,   8.46552849
    876,   8.56834316,  -11.8929119
    877,  -8.56755733,   11.8920603
    878,    26.914053,  -2.89394736
    879,  -2.86724138,  -26.9330597
    880,   2.86720276,   26.9329777
    881,  -26.9143372,   2.89381099
    882,   25.8651543, -0.00298615103
    883,  -25.8653336, 0.00269074715
    884, 0.00983309187,  -25.8856773
    885, -0.00983690657,   25.8856487
    886, -0.860087693,   31.7731781
    887,  0.860091388,  -31.7731857
    888,   31.5965652,  0.888477802
    889,  -31.5967045,  -0.88843447
    890,   3.00030684,   10.3313141
    891,  -2.99952793,  -10.3330803
    892,  -10.3321409,   2.99289989
    893,   10.3328075,  -2.99386334
    894,  -2.69407034,   12.0710697
    895,   2.69432735,  -12.0713825
    896,  -12.0719776,  -2.68113112
    897,   12.0723095,   2.68074656
    898,   -3.9377017,   9.10409164
    899,   9.11051178,   3.92554951
    900,  -9.10950375,  -3.92764807
    901,   3.93869734,  -9.10609531
    902,   7.46052837,  -3.13171911
    903,   3.13514733,   7.45285892
    904,  -3.13079453,  -7.46352625
    905,  -7.45860434,   3.12757373
    906,   4.38067675,   -3.3867991
    907,  -3.37397122,  -4.38780546
    908,   3.38291597,    4.3627677
    909,  -4.37224197,   3.36656547
    910,    10.012352,   1.38033843
    911,   1.38707995,  -10.0122089
    912,  -1.38585496,   10.0095749
    913,  -10.0116415,  -1.38153636
    914,   2.89551401,  -6.03891325
    915,   6.03599262,   2.88096714
    916,  -6.02974558,  -2.89623594
    917,  -2.88918185,   6.02361441
    918,  0.679148436,    8.9237442
    919,    8.9286871, -0.679535449
    920,  -8.92676926,  0.675425828
    921, -0.676246285,  -8.93100262
    922,  -1.65793812,   3.63152003
    923,  -3.64407229,  -1.68240964
    924,   3.65667367,   1.64700365
    925,    1.6707375,  -3.66718221
    926,  -1.44261026,   7.97050714
    927,   7.97858047,   1.43649423
    928,  -7.97527838,  -1.44417751
    929,   1.44650924,  -7.98030567
    930,  -2.20624232,  0.789846003
    931,  0.817328274,   2.19069004
    932, -0.805813909,  -2.23552513
    933,   2.21932244, -0.829558194
    934,  -29.7349072,   3.20189357
    935,   29.7346592,  -3.20178771
    936,   3.15538859,    29.779583
    937,  -3.15539837,  -29.7796535