      Node Label     U.Magnitude            U.U1            U.U2
                          @Loc 1          @Loc 1          @Loc 1
-----------------------------------------------------------------
               1             50.     15.5728E-39             50.
               2             50.     131.147E-39             50.
               3             50.     208.781E-39             50.
               4             50.     264.693E-39             50.
               5             50.     95.4763E-39             50.
               6             50.     1.57853E-39             50.
               7             50.    -1.57876E-39             50.
               8         42.8312         3.74687         42.6670
               9         35.8342         4.70125         35.5245
              10         28.5751         4.53949         28.2122
              11         20.3754         3.06818         20.1430
              12         11.0892        -11.0784     488.880E-03
              13         7.65325        -6.87822         3.35595
              14         11.0809    -477.920E-03         11.0705
              15         20.3775        -20.1449        -3.07029
              16         28.5762        -28.2131        -4.54080
              17         35.8349        -35.5250        -4.70255
              18         42.8313        -42.6672        -3.74573
              19             50.            -50.     1.57888E-39
              20             50.            -50.    -95.1184E-39
              21             50.            -50.    -93.3789E-39
              22             50.            -50.    -37.7881E-39
              23             50.            -50.     264.529E-39
              24             50.            -50.     95.4387E-39
              25             50.            -50.    -1.57879E-39
              26         28.5754        -28.2124         4.54003
              27         35.8344        -35.5247         4.70135
              28         42.8313        -42.6671         3.74690
              29         20.3761        -20.1438         3.06812
              30         11.0893        -11.0786    -485.516E-03
              31         7.65197        -6.87841        -3.35262
              32         11.0828    -480.011E-03        -11.0724
              33         20.3776         3.06940        -20.1451
              34         42.8307         3.74540        -42.6666
              35         35.8344         4.70416        -35.5243
              36         28.5747         4.53849        -28.2119
              37             50.    -1.57853E-39            -50.
              38             50.     94.8224E-39            -50.
              39             50.     91.7018E-39            -50.
              40             50.     37.8409E-39            -50.
              41             50.    -264.693E-39            -50.
              42             50.    -95.4763E-39            -50.
              43             50.     1.57876E-39            -50.
              44         42.8312        -3.74688        -42.6670
              45         35.8343        -4.70125        -35.5245
              46         28.5751        -4.53950        -28.2122
              47         20.3754        -3.06820        -20.1431
              48         11.0884         11.0777    -488.074E-03
              49         7.65433         6.87907        -3.35667
              50         11.0812     478.000E-03        -11.0709
              51         20.3776         20.1449         3.07053
              52         28.5762         28.2131         4.54082
              53         35.8349         35.5250         4.70255
              54         42.8313         42.6672         3.74573
              55             50.             50.    -1.57888E-39
              56             50.             50.     95.1186E-39
              57             50.             50.     93.3790E-39
              58             50.             50.     37.7882E-39
              59             50.             50.    -264.528E-39
              60             50.             50.    -95.4385E-39
              61             50.             50.     1.57879E-39
              62         28.5754         28.2124        -4.54001
              63         35.8344         35.5247        -4.70134
              64         42.8313         42.6671        -3.74689
              65         20.3761         20.1438        -3.06809
              66         11.0891         11.0785     485.519E-03
              67         7.65170         6.87812         3.35262
              68         11.0827     480.045E-03         11.0723
              69         20.3776        -3.06940         20.1451
              70         42.8307        -3.74540         42.6666
              71         35.8344        -4.70419         35.5243
              72         28.5745        -4.53831         28.2119
              73         43.1912         2.11427         43.1394
              74         43.3308     866.324E-03         43.3222
              75         42.8163     94.2732E-03         42.8162
              76         43.2316    -882.140E-03         43.2226
              77         43.0616        -2.13753         43.0085
              78         35.8274         2.87194         35.7121
              79         36.1164         1.32240         36.0921
              80         36.2383     27.6994E-03         36.2383
              81         35.8487        -1.36855         35.8226
              82         35.8007        -3.04846         35.6707
              83         28.4534         2.84678         28.3106
              84         28.8132         1.31714         28.7831
              85         28.6892     85.6434E-03         28.6890
              86         28.5581        -1.28733         28.5290
              87         28.7799        -2.86015         28.6374
              88         20.8889         1.54765         20.8315
              89         21.1169     644.697E-03         21.1071
              90         21.5521    -14.1824E-03         21.5521
              91         20.7240    -539.461E-03         20.7169
              92         20.9043        -1.56078         20.8460
              93         13.9906    -697.931E-03         13.9731
              94         14.9555    -439.271E-03         14.9490
              95         15.1851    -22.0608E-03         15.1851
              96         14.9352     465.277E-03         14.9279
              97         13.9296     713.647E-03         13.9113
              98         8.18114        -5.62454         5.94101
              99         9.37260        -3.16828         8.82086
             100         9.99658        -1.56392         9.87349
             101         10.5693     15.5641E-03         10.5693
             102         10.0911         1.53537         9.97366
             103         9.05968         3.34243         8.42057
             104         8.18207         5.71120         5.85905
             105         43.1837        -43.1314        -2.12529
             106         35.9174        -35.7974        -2.93370
             107         28.5161        -28.3700        -2.88275
             108         20.8423        -20.7840        -1.55718
             109         13.8978        -13.8789     725.053E-03
             110         9.01209        -8.36041         3.36472
             111         7.18157        -5.04573         5.11034
             112         6.71674        -2.23779         6.33300
             113         6.67785     161.752E-03         6.67589
             114         6.65011         2.22846         6.26562
             115         7.19101         5.23849         4.92634
             116         9.32651         8.76912         3.17588
             117         13.9604         13.9424     708.485E-03
             118         20.8863         20.8289        -1.54754
             119         28.4522         28.3094        -2.84694
             120         35.8218         35.7066        -2.87065
             121         43.1916         43.1398        -2.11420
             122         43.1702        -43.1607    -908.734E-03
             123         35.4783        -35.4490        -1.44258
             124         28.6757        -28.6431        -1.36757
             125         20.6984        -20.6912    -543.099E-03
             126         14.9295        -14.9222     466.470E-03
             127         10.0847        -9.96720         1.53509
             128         6.64842        -6.26698         2.21958
             129         4.36126        -3.10129         3.06637
             130         3.04239     154.905E-03         3.03844
             131         4.36172         3.07066         3.09768
             132         6.71891         6.34015         2.22400
             133         9.99646         9.87495         1.55384
             134         14.9505         14.9440     440.344E-03
             135         21.0997         21.0899    -641.897E-03
             136         28.7173         28.6875        -1.30740
             137         36.0452         36.0214        -1.30866
             138         43.3255         43.3168    -865.707E-03
             139         42.7632        -42.7631     84.9612E-03
             140         36.0609        -36.0609    -52.4833E-03
             141         28.1327        -28.1325     113.903E-03
             142         21.4946        -21.4946    -15.5057E-03
             143         15.1830        -15.1830    -21.8930E-03
             144         10.5679        -10.5679     15.9873E-03
             145         6.67717        -6.67521     161.921E-03
             146         3.04603        -3.04237     149.232E-03
             147     16.4586E-03     5.28854E-03    -15.5857E-03
             148         3.04997         3.04593    -156.818E-03
             149         6.67756         6.67559    -162.172E-03
             150         10.5684         10.5684    -16.2316E-03
             151         15.1830         15.1830     21.8475E-03
             152         21.4943         21.4943     15.5155E-03
             153         28.1327         28.1324    -113.901E-03
             154         36.0609         36.0609     52.4889E-03
             155         42.7632         42.7631    -84.9578E-03
             156         43.3255        -43.3168     865.710E-03
             157         36.0452        -36.0214         1.30867
             158         28.7173        -28.6875         1.30741
             159         21.0997        -21.0899     641.916E-03
             160         14.9504        -14.9440    -440.355E-03
             161         9.99631        -9.87478        -1.55397
             162         6.71885        -6.34005        -2.22411
             163         4.36267        -3.06903        -3.10064
             164         3.05412    -150.918E-03        -3.05039
             165         4.36206         3.10160        -3.06719
             166         6.64889         6.26734        -2.21997
             167         10.0853         9.96777        -1.53541
             168         14.9296         14.9223    -466.479E-03
             169         20.6980         20.6909     543.037E-03
             170         28.6757         28.6430         1.36754
             171         35.4783         35.4490         1.44259
             172         43.1702         43.1607     908.737E-03
             173         43.1916        -43.1398         2.11420
             174         35.8218        -35.7066         2.87066
             175         28.4522        -28.3094         2.84696
             176         20.8863        -20.8288         1.54758
             177         13.9602        -13.9423    -708.493E-03
             178         9.32642        -8.76891        -3.17620
             179         7.19114        -5.23846        -4.92657
             180         6.65016        -2.22844        -6.26567
             181         6.67831    -161.602E-03        -6.67635
             182         6.71699         2.23785        -6.33324
             183         7.18210         5.04607        -5.11074
             184         9.01307         8.36154        -3.36452
             185         13.9010         13.8822    -723.537E-03
             186         20.8449         20.7866         1.55784
             187         28.5162         28.3701         2.88274
             188         35.9174         35.7974         2.93371
             189         43.1837         43.1314         2.12529
             190         8.18177        -5.70784        -5.86191
             191         9.06036        -3.34203        -8.42146
             192         10.0913        -1.53535        -9.97381
             193         10.5693    -15.5490E-03        -10.5693
             194         9.99670         1.56396        -9.87360
             195         9.37250         3.16873        -8.82059
             196         8.18049         5.62819        -5.93665
             197         13.9309    -713.015E-03        -13.9127
             198         14.9355    -465.218E-03        -14.9282
             199         15.1851     22.0674E-03        -15.1851
             200         14.9555     439.278E-03        -14.9490
             201         13.9903     697.986E-03        -13.9729
             202         20.9058         1.56123        -20.8474
             203         20.7241     539.483E-03        -20.7171
             204         21.5521     14.1829E-03        -21.5521
             205         21.1169    -644.702E-03        -21.1071
             206         20.8889        -1.54768        -20.8315
             207         28.7809         2.86063        -28.6384
             208         28.5581         1.28733        -28.5291
             209         28.6892    -85.6436E-03        -28.6890
             210         28.8133        -1.31714        -28.7831
             211         28.4534        -2.84678        -28.3106
             212         35.8004         3.04862        -35.6704
             213         35.8487         1.36855        -35.8226
             214         36.2383    -27.7002E-03        -36.2383
             215         36.1164        -1.32240        -36.0921
             216         35.8274        -2.87194        -35.7121
             217         43.0616         2.13753        -43.0085
             218         43.2316     882.139E-03        -43.2226
             219         42.8163    -94.2742E-03        -42.8162
             220         43.3309    -866.325E-03        -43.3222
             221         43.1912        -2.11428        -43.1394
             222             50.    -64.9476E-39             50.
             223             50.    -311.432E-39             50.
             224             50.    -261.873E-39             50.
             225             50.    -208.692E-39             50.
             226             50.     254.642E-39             50.
             227             50.    -57.8409E-39             50.
             228             50.     62.5173E-39             50.
             229         46.3678         2.52324         46.2990
             230         39.3494         4.39029         39.1037
             231         32.2556         4.74808         31.9042
             232         24.6992         4.03452         24.3674
             233         15.7686        -15.6851        -1.61990
             234         7.63977        -3.34427         6.86891
             235         15.7671         1.62004         15.6837
             236         24.7006        -24.3687        -4.03584
             237         32.2565        -31.9049        -4.74948
             238         39.3495        -39.1038        -4.39039
             239         46.3678        -46.2992        -2.52245
             240             50.            -50.    -63.4987E-39
             241             50.            -50.    -310.088E-39
             242             50.            -50.    -262.876E-39
             243             50.            -50.     209.304E-39
             244             50.            -50.    -146.015E-39
             245             50.            -50.    -57.6498E-39
             246             50.            -50.     62.5050E-39
             247         24.6996        -24.3678         4.03501
             248         32.2558        -31.9044         4.74840
             249         39.3495        -39.1039         4.39026
             250         46.3678        -46.2991         2.52329
             251         15.7689        -15.6856         1.61901
             252         7.64363        -3.34792        -6.87143
             253         15.7691         1.62087        -15.6856
             254         46.3672         2.52205        -46.2985
             255         39.3493         4.39097        -39.1035
             256         32.2558         4.75052        -31.9041
             257         24.6986         4.03319        -24.3670
             258             50.     64.9480E-39            -50.
             259             50.     311.432E-39            -50.
             260             50.     14.4592E-39            -50.
             261             50.    -209.192E-39            -50.
             262             50.     146.153E-39            -50.
             263             50.     57.8408E-39            -50.
             264             50.    -62.5173E-39            -50.
             265         46.3678        -2.52324        -46.2990
             266         39.3494        -4.39029        -39.1037
             267         32.2556        -4.74809        -31.9042
             268         24.6992        -4.03454        -24.3674
             269         15.7688         15.6854         1.61941
             270         7.63926         3.34397        -6.86849
             271         15.7672        -1.62006        -15.6838
             272         24.7007         24.3687         4.03589
             273         32.2565         31.9049         4.74949
             274         39.3495         39.1038         4.39040
             275         46.3678         46.2992         2.52245
             276             50.             50.     63.4987E-39
             277             50.             50.     310.089E-39
             278             50.             50.     262.876E-39
             279             50.             50.    -209.303E-39
             280             50.             50.     146.015E-39
             281             50.             50.     57.6501E-39
             282             50.             50.    -62.5049E-39
             283         24.6996         24.3678        -4.03499
             284         32.2558         31.9044        -4.74839
             285         39.3495         39.1039        -4.39025
             286         46.3678         46.2991        -2.52329
             287         15.7688         15.6855        -1.61898
             288         7.64361         3.34806         6.87133
             289         15.7690        -1.62084         15.6855
             290         46.3672        -2.52205         46.2985
             291         39.3493        -4.39097         39.1035
             292         32.2558        -4.75056         31.9041
             293         24.6986        -4.03326         24.3670
             294         18.1925        -18.1178         1.64671
             295         18.1925         18.1179        -1.64663
             296         18.1990         1.64931         18.1241
             297         18.1689        -18.0936        -1.65204
             298         18.1989        -1.64938        -18.1240
             299         18.1758         18.1003         1.65453
             300         18.1954        -1.65718         18.1198
             301         18.1969         1.65784        -18.1212
             302         13.6995         13.6994    -57.8013E-03
             303         9.76040        -2.20062        -9.50908
             304         13.6838     61.4709E-03        -13.6837
             305         7.80219        -5.48786        -5.54594
             306         7.80309         5.49002         5.54508
             307         13.6992        -13.6991     57.9968E-03
             308         9.75999         2.20170         9.50841
             309         9.74370        -9.48663        -2.22340
             310         13.6825    -60.5298E-03         13.6824
             311         9.74468         9.48764         2.22338
             312         9.73532         9.47526        -2.23514
             313         9.76838         2.18630        -9.52057
             314         9.77114        -2.18550         9.52359
             315         7.80083        -5.46250         5.56902
             316         13.7034    -63.5397E-03        -13.7033
             317         13.6715         13.6714     54.2856E-03
             318         7.80013         5.45985        -5.57064
             319         13.6743        -13.6742    -54.6091E-03
             320         13.7040     63.4330E-03         13.7039
             321         9.72725        -9.46534         2.24201
             322         46.8494        -1.42343        -46.8278
             323         46.8494         1.42343         46.8278
             324         46.8496        -46.8280         1.42341
             325         46.8496         46.8280        -1.42341
             326         47.0264    -911.605E-03         47.0176
             327         47.0264     911.606E-03        -47.0176
             328         47.0605         47.0519     903.614E-03
             329         47.0605        -47.0519    -903.613E-03
             330         46.8064        -1.43985         46.7842
             331         46.8431        -46.8214        -1.42696
             332         46.8064         1.43985        -46.7842
             333         46.8431         46.8214         1.42696
             334         47.2825    -582.669E-03        -47.2790
             335         46.6773    -448.852E-03         46.6751
             336         46.4671    -11.8727E-03        -46.4671
             337         47.0921    -195.480E-03        -47.0916
             338         46.4671     11.8722E-03         46.4671
             339         47.0921     195.480E-03         47.0916
             340         46.6773     448.852E-03        -46.6751
             341         47.2825     582.669E-03         47.2789
             342         47.0919        -47.0915     194.914E-03
             343         47.0919         47.0915    -194.912E-03
             344         46.6682         46.6660     452.532E-03
             345         47.2852         47.2817    -582.199E-03
             346         46.6682        -46.6660    -452.531E-03
             347         46.4537         46.4537    -10.5463E-03
             348         46.4537        -46.4537     10.5480E-03
             349         47.2852        -47.2817     582.201E-03
             350         47.2424    -588.915E-03         47.2387
             351         46.8981    -203.765E-03         46.8976
             352         46.7700     438.170E-03         46.7679
             353         47.0638     902.591E-03         47.0552
             354         47.2549        -47.2512    -588.060E-03
             355         46.8841        -46.8837    -206.612E-03
             356         46.7721        -46.7701     437.778E-03
             357         47.0647        -47.0560     902.442E-03
             358         47.2424     588.915E-03        -47.2387
             359         46.8981     203.765E-03        -46.8976
             360         46.7700    -438.170E-03        -46.7679
             361         47.0638    -902.591E-03        -47.0552
             362         47.2549         47.2512     588.061E-03
             363         46.8841         46.8837     206.614E-03
             364         46.7721         46.7701    -437.776E-03
             365         47.0647         47.0560    -902.440E-03
             366         44.0833         44.0025         2.66715
             367         41.1112         3.31087         40.9777
             368         33.9741         3.90102         33.7494
             369         26.5484        -26.3181         3.48906
             370         30.3125        -30.0659        -3.85876
             371         33.9739        -33.7492         3.90061
             372         37.6154        -37.4274        -3.75634
             373         41.1113        -40.9777         3.31079
             374         44.0833        -44.0025        -2.66715
             375         41.1112        -3.31087        -40.9777
             376         33.9741        -3.90103        -33.7494
             377         30.3125         30.0659         3.85876
             378         37.6154         37.4274         3.75634
             379         41.1113         40.9777        -3.31079
             380         33.9739         33.7492        -3.90060
             381         26.5484         26.3181        -3.48904
             382         44.0857         2.66374         44.0052
             383         37.6002         3.73648         37.4141
             384         30.2964         3.83942         30.0522
             385         26.5485        -26.3165        -3.50211
             386         34.0039        -33.7764        -3.92638
             387         41.1093        -40.9749        -3.32150
             388         30.2970        -30.0526         3.84033
             389         37.5992        -37.4132         3.73614
             390         44.0859        -44.0053         2.66373
             391         44.0857        -2.66374        -44.0052
             392         37.6002        -3.73648        -37.4141
             393         30.2964        -3.83942        -30.0522
             394         26.5488         26.3168         3.50215
             395         34.0039         33.7764         3.92639
             396         41.1093         40.9749         3.32150
             397         30.2970         30.0526        -3.84031
             398         37.5992         37.4132        -3.73614
             399         44.0859         44.0054        -2.66372
             400         26.5471         3.48794         26.3169
             401         26.5471        -3.48795        -26.3169
             402         44.0362        -2.67712         43.9547
             403         37.5603        -3.78406         37.3692
             404         44.0362         2.67712        -43.9547
             405         37.5602         3.78426        -37.3691
             406         34.0228         3.94767        -33.7930
             407         34.0245        -3.94759         33.7947
             408         26.6293        -3.49463         26.3990
             409         30.4159        -3.85870         30.1702
             410         30.4113         3.85730        -30.1657
             411         41.0411         3.33354        -40.9055
             412         26.6318         3.49750        -26.4011
             413         41.0412        -3.33350         40.9056
             414         22.5535         2.78903        -22.3804
             415         22.5520        -2.78818         22.3790
             416         22.5261         2.77931         22.3539
             417         22.5261        -2.77934        -22.3539
             418         22.5056        -22.3324        -2.78751
             419         22.5074         22.3341         2.78791
             420         22.5250        -22.3529         2.77961
             421         22.5250         22.3529        -2.77957
             422         44.4396    -491.660E-03         44.4369
             423         44.3969        -44.3940    -503.967E-03
             424         44.3969         44.3940     503.970E-03
             425         44.4396     491.659E-03        -44.4369
             426         44.7322     472.055E-03         44.7297
             427         44.7204        -44.7179     471.658E-03
             428         44.7322    -472.056E-03        -44.7297
             429         44.7204         44.7179    -471.655E-03
             430         32.3043         3.29119        -32.1362
             431         32.3055        -3.29136         32.1374
             432         24.8784        -2.58458         24.7437
             433         24.8797         2.58541        -24.7450
             434         24.7452        -24.6093        -2.58999
             435         24.7462         24.6103         2.59015
             436         12.0216        -1.31802        -11.9491
             437         12.0072        -11.9333        -1.33019
             438         12.0078         11.9339         1.33021
             439         12.0198         1.31927         11.9472
             440         11.9594         11.8826        -1.35359
             441         12.0687         1.29453        -11.9990
             442         12.0697        -1.29431         12.0001
             443         11.9558        -11.8785         1.35650
             444         15.9617         15.9576    -362.597E-03
             445         15.9616        -15.9574     362.719E-03
             446         15.9121        -15.9080    -361.607E-03
             447         15.9828     369.379E-03         15.9785
             448         15.9826    -369.475E-03        -15.9783
             449         15.9151         15.9109     362.686E-03
             450         15.9498    -372.433E-03         15.9454
             451         15.9513     373.160E-03        -15.9469
             452         41.8836     548.154E-03         41.8800
             453         41.8351        -41.8316     541.612E-03
             454         41.8836    -548.155E-03        -41.8800
             455         41.8351         41.8316    -541.608E-03
             456         41.6260    -628.361E-03         41.6213
             457         41.5223        -41.5170    -662.195E-03
             458         41.5223         41.5170     662.199E-03
             459         41.6260     628.360E-03        -41.6213
             460         44.8028     935.231E-03        -44.7931
             461         44.7952         44.7852     949.513E-03
             462         44.7952        -44.7852    -949.511E-03
             463         44.8028    -935.231E-03         44.7931
             464         44.8612    -931.249E-03        -44.8515
             465         44.8612     931.249E-03         44.8515
             466         44.8619         44.8522    -930.906E-03
             467         44.8619        -44.8522     930.908E-03
             468         9.03130         8.25425        -3.66492
             469         9.18751         3.43088        -8.52287
             470         9.18876        -3.43027         8.52446
             471         9.14678        -3.49273        -8.45366
             472         9.14564         3.49456         8.45168
             473         9.07810        -8.33740        -3.59162
             474         9.07898         8.33860         3.59107
             475         9.02912        -8.25076         3.66741
             476         25.3460        -25.2643        -2.03352
             477         25.3466         25.2649         2.03355
             478         25.5548         2.01091        -25.4756
             479         25.5541        -2.01068         25.4749
             480         32.4491         2.56174        -32.3479
             481         32.4492        -2.56169         32.3479
             482         17.3330    -323.869E-03        -17.3299
             483         17.3330     323.842E-03         17.3300
             484         17.3226        -17.3196     321.345E-03
             485         17.3226         17.3196    -321.301E-03
             486         10.6872         10.4316         2.32341
             487         10.6869        -10.4313        -2.32360
             488         10.5543        -10.2760         2.40770
             489         10.6941         2.32446         10.4384
             490         10.6953        -2.32370        -10.4398
             491         10.8162        -2.24962         10.5797
             492         10.8158         2.24990        -10.5792
             493         10.5561         10.2782        -2.40651
             494         44.8381         1.22836        -44.8213
             495         44.8642         44.8471         1.23792
             496         44.8642        -44.8471        -1.23792
             497         44.8381        -1.22835         44.8213
             498         44.8920        -44.8753         1.22548
             499         44.8920         44.8753        -1.22548
             500         44.8906        -1.22572        -44.8739
             501         44.8906         1.22572         44.8739
             502         41.9335         1.50948        -41.9063
             503         41.8998         41.8700         1.57879
             504         41.8998        -41.8700        -1.57879
             505         41.9335        -1.50948         41.9063
             506         41.9680        -1.53741        -41.9398
             507         41.9680         1.53741         41.9398
             508         41.9631         41.9350        -1.53685
             509         41.9631        -41.9350         1.53685
             510         39.8773        -1.16272        -39.8603
             511         39.8773         1.16272         39.8603
             512         39.8341        -39.8173         1.15670
             513         39.8341         39.8173        -1.15669
             514         39.6513         39.6316         1.24930
             515         39.6513        -39.6316        -1.24930
             516         39.8772        -1.16604         39.8602
             517         39.8772         1.16604        -39.8602
             518         28.7627        -28.6883        -2.06752
             519         28.7628         28.6883         2.06749
             520         29.2749        -1.96909         29.2086
             521         29.2751         1.96919        -29.2088
             522         35.7381        -2.17213         35.6720
             523         35.7380         2.17217        -35.6719
             524         12.9121         1.18026        -12.8580
             525         12.9121        -1.18020         12.8581
             526         12.8252         12.7677        -1.21271
             527         12.8653         1.19823         12.8093
             528         12.8660        -1.19798        -12.8101
             529         12.8750        -12.8197        -1.19225
             530         12.8751         12.8198         1.19221
             531         12.8240        -12.7664         1.21311
             532         8.27770        -6.69759         4.86442
             533         8.39514        -7.02293        -4.59966
             534         8.39524         7.02362         4.59878
             535         8.49942        -4.44444        -7.24480
             536         8.49872         4.44561         7.24326
             537         8.27846         6.69942        -4.86320
             538         8.61721         4.23930        -7.50231
             539         8.61763        -4.23826         7.50338
             540         15.3906        -15.3865    -356.591E-03
             541         15.3907         15.3865     356.596E-03
             542         15.4081    -351.695E-03         15.4040
             543         15.4080     351.708E-03        -15.4040
             544         38.0506    -687.320E-03        -38.0444
             545         38.0506     687.319E-03         38.0444
             546         37.9461        -37.9403     660.483E-03
             547         37.9461         37.9403    -660.477E-03
             548         37.9399         37.9325     746.425E-03
             549         37.9399        -37.9325    -746.421E-03
             550         38.0474    -680.178E-03         38.0413
             551         38.0474     680.178E-03        -38.0413
             552         26.1505        -26.1052        -1.53899
             553         26.1505         26.1052         1.53894
             554         31.9670        -31.8634        -2.57224
             555         31.9670         31.8634         2.57223
             556         26.2893         1.49133        -26.2470
             557         26.2890        -1.49128         26.2467
             558         39.0783        -2.32114         39.0093
             559         39.0783         2.32119        -39.0093
             560         10.7542         2.12997        -10.5412
             561         15.3190         15.3145    -374.290E-03
             562         10.7543        -2.12979         10.5413
             563         15.3380    -369.347E-03        -15.3335
             564         15.3372     369.601E-03         15.3328
             565         10.7146         10.4990         2.13878
             566         10.7145        -10.4989        -2.13892
             567         15.3178        -15.3132     374.733E-03
             568         17.8855         17.8844    -193.332E-03
             569         17.8855        -17.8844     193.355E-03
             570         17.8951     195.350E-03         17.8941
             571         17.8951    -195.360E-03        -17.8941
             572         37.9280         37.8806        -1.89555
             573         37.9280        -37.8806         1.89556
             574         37.9529        -1.89966        -37.9053
             575         37.9529         1.89966         37.9053
             576         37.8847        -37.8327        -1.98546
             577         37.8847         37.8327         1.98547
             578         8.06305         4.48517        -6.70045
             579         8.06278        -4.48459         6.70051
             580         7.88100         6.31183        -4.71921
             581         7.92009        -5.10012        -6.05942
             582         7.91974         5.10042         6.05871
             583         8.11454        -6.99085        -4.11993
             584         8.11445         6.99098         4.11952
             585         7.88034        -6.31098         4.71925
             586         10.6578        -10.4400         2.14371
             587         10.7117         2.12086         10.4996
             588         10.7124        -2.12059        -10.5004
             589         32.6028         1.81417        -32.5523
             590         32.6028        -1.81415         32.5523
             591         10.6588         10.4411        -2.14346
             592         20.0416        -20.0254     804.002E-03
             593         20.0416         20.0254    -803.972E-03
             594         20.0498     805.529E-03         20.0337
             595         20.0498    -805.548E-03        -20.0336
             596         39.6882         39.6179         2.36227
             597         39.6882        -39.6179        -2.36227
             598         39.6976        -2.31925        -39.6298
             599         39.6976         2.31925         39.6298
             600         39.6905         39.6228        -2.31809
             601         39.6905        -39.6228         2.31810
             602         24.7364        -24.6027         2.56896
             603         24.7364         24.6027        -2.56893
             604         24.7372        -2.56847        -24.6035
             605         24.7372         2.56845         24.6035
             606         24.9059     865.349E-03        -24.8908
             607         24.9057    -865.339E-03         24.8907
             608         24.8711        -24.8552    -887.557E-03
             609         24.8709         24.8550     887.517E-03
             610         11.6246         1.42042        -11.5375
             611         11.6246        -1.42036         11.5375
             612         11.6803         11.5960        -1.40099
             613         11.7025        -1.39484        -11.6190
             614         11.7021         1.39493         11.6186
             615         11.6143         11.5274         1.41785
             616         11.6142        -11.5273        -1.41794
             617         11.6797        -11.5953         1.40095
             618         9.25535        -2.64413         8.86961
             619         9.25551         2.64432        -8.86973
             620         9.50648         9.19721        -2.40510
             621         9.52907        -2.40695        -9.22008
             622         9.52867         2.40707         9.21963
             623         9.50572        -9.19647         2.40495
             624         9.27125         8.90124         2.59307
             625         9.27121        -8.90115        -2.59326
             626         31.6228         1.13922        -31.6023
             627         31.6228        -1.13921         31.6023
             628         34.6273         34.6191     755.134E-03
             629         34.6273        -34.6191    -755.130E-03
             630         34.3595    -745.224E-03        -34.3514
             631         34.3595     745.223E-03         34.3514
             632         34.1835        -34.1762     705.716E-03
             633         34.1835         34.1762    -705.709E-03
             634         40.3994    -210.661E-03         40.3989
             635         40.3994     210.660E-03        -40.3989
             636         34.2452    -643.122E-03         34.2392
             637         34.2452     643.123E-03        -34.2392
             638         39.8852    -238.010E-03        -39.8845
             639         39.8852     238.009E-03         39.8845
             640         39.7813        -39.7808     208.370E-03
             641         39.7813         39.7808    -208.366E-03
             642         40.3097        -40.3090    -245.027E-03
             643         40.3097         40.3090     245.032E-03
             644         31.8817        -31.8300        -1.81480
             645         31.8817         31.8300         1.81479
             646         32.1420        -31.9743        -3.27942
             647         32.1421         31.9743         3.27942
             648         22.9753        -22.9427        -1.22465
             649         22.9758         22.9431         1.22471
             650         17.2655    -320.007E-03         17.2625
             651         17.2665     320.361E-03        -17.2635
             652         39.3110        -2.97596         39.1982
             653         39.3109         2.97606        -39.1981
             654         17.2371         17.2342     314.618E-03
             655         17.2353        -17.2325    -314.144E-03
             656         23.0585         1.21112        -23.0267
             657         23.0580        -1.21100         23.0262
             658         7.93515         7.07218        -3.59873
             659         7.93969         3.68242         7.03409
             660         7.94001        -3.68232        -7.03451
             661         7.93448        -7.07156         3.59846
             662         39.4893        -39.3807         2.92708
             663         39.5083        -39.3977        -2.95479
             664         39.4919        -2.92760        -39.3832
             665         39.5083         39.3977         2.95479
             666         39.4893         39.3807        -2.92707
             667         39.4919         2.92760         39.3832
             668         25.3036        -2.00580        -25.2239
             669         25.3036         2.00579         25.2239
             670         25.2966         25.2171        -2.00494
             671         25.2966        -25.2171         2.00496
             672         23.0744        -1.24476        -23.0408
             673         23.0744         1.24475         23.0408
             674         23.0561        -23.0226         1.24199
             675         23.0561         23.0226        -1.24197
             676         31.0905    -505.827E-03         31.0864
             677         31.0905     505.828E-03        -31.0864
             678         8.15811        -7.77894         2.45823
             679         8.16351         2.47867         7.77811
             680         8.16369        -2.47864        -7.77832
             681         8.15872         7.77947        -2.45860
             682         28.3720         28.3642     666.682E-03
             683         28.3721        -28.3643    -666.698E-03
             684         28.3147    -671.478E-03         28.3067
             685         28.3147     671.480E-03        -28.3068
             686         17.6420        -17.6412    -159.838E-03
             687         17.6602    -161.884E-03         17.6594
             688         17.6606     162.001E-03        -17.6599
             689         17.6424         17.6416     159.929E-03
             690         43.7906    -240.653E-03         43.7899
             691         43.7382        -43.7374    -253.854E-03
             692         43.7382         43.7374     253.857E-03
             693         43.7906     240.652E-03        -43.7900
             694         31.8046         31.7860         1.08907
             695         31.8047        -31.7860        -1.08907
             696         32.5534        -1.34633        -32.5255
             697         32.5534         1.34633         32.5255
             698         32.4454        -32.4181         1.32897
             699         32.4454         32.4181        -1.32896
             700         34.6224        -34.5545        -2.16698
             701         34.6224         34.5545         2.16698
             702         28.5851        -2.02637        -28.5132
             703         28.5851         2.02636         28.5132
             704         28.5557         28.4840        -2.02225
             705         28.5557        -28.4840         2.02227
             706         24.9336    -918.452E-03        -24.9166
             707         24.9335     918.448E-03         24.9166
             708         24.8462        -24.8295     910.466E-03
             709         24.8462         24.8295    -910.449E-03
             710         12.4344        -12.4097     784.094E-03
             711         12.3106    -809.267E-03         12.2839
             712         12.3106     809.290E-03        -12.2840
             713         12.4348         12.4100    -784.239E-03
             714         12.3065        -12.2800    -807.970E-03
             715         12.3067         12.2802     807.854E-03
             716         12.4412     782.747E-03         12.4165
             717         12.4414    -782.727E-03        -12.4167
             718         30.5169         1.55166        -30.4775
             719         30.5169        -1.55163         30.4774
             720         32.5411    -146.776E-03         32.5408
             721         32.5411     146.776E-03        -32.5408
             722         44.5839        -44.5831     256.395E-03
             723         44.5839         44.5831    -256.392E-03
             724         24.9072         24.9056     276.871E-03
             725         24.9074        -24.9058    -276.884E-03
             726         19.8636        -19.8487    -771.174E-03
             727         19.9076     772.141E-03        -19.8927
             728         19.9069    -771.962E-03         19.8919
             729         19.8646         19.8496     771.366E-03
             730         31.8403         31.8381     376.551E-03
             731         31.8403        -31.8381    -376.552E-03
             732         30.7708     755.298E-03         30.7615
             733         30.5139        -30.5050     733.743E-03
             734         30.7708    -755.300E-03        -30.7615
             735         30.5138         30.5050    -733.735E-03
             736         34.2109        -1.98411        -34.1533
             737         34.2109         1.98411         34.1533
             738         34.1682        -34.1110         1.97618
             739         34.1682         34.1110        -1.97617
             740         26.1335        -1.52438        -26.0890
             741         26.1335         1.52437         26.0890
             742         31.7100        -2.51060        -31.6105
             743         31.7100         2.51059         31.6105
             744         26.0857         26.0415        -1.51803
             745         26.0857        -26.0415         1.51805
             746         31.6903        -31.5910         2.50704
             747         31.6903         31.5910        -2.50703
             748         22.2586    -367.168E-03        -22.2556
             749         22.2586     367.166E-03         22.2556
             750         22.1810        -22.1781     360.907E-03
             751         22.1809         22.1780    -360.884E-03
             752         10.4728     750.873E-03         10.4458
             753         10.4729    -750.861E-03        -10.4459
             754         10.3850         10.3587     738.715E-03
             755         10.3846        -10.3583    -738.904E-03
             756         10.4693        -10.4423     750.835E-03
             757         10.3868     741.843E-03        -10.3603
             758         10.3867    -741.816E-03         10.3602
             759         10.4698         10.4429    -751.098E-03
             760         25.0399     282.341E-03        -25.0383
             761         25.0399    -282.340E-03         25.0383
             762         8.48306         1.42775         8.36205
             763         8.48315        -1.42773        -8.36215
             764         8.47959        -8.35934         1.42295
             765         8.48014         8.35985        -1.42329
             766         6.85736         5.86870        -3.54708
             767         6.85594        -3.59193        -5.83968
             768         6.85581         3.59196         5.83952
             769         6.85684        -5.86834         3.54666
             770         38.4998         1.73787        -38.4606
             771         38.4999        -1.73785         38.4606
             772         8.07482         2.49273        -7.68043
             773         8.07455        -2.49261         7.68019
             774         8.08269         7.70087         2.45489
             775         8.08264        -7.70076        -2.45504
             776         14.3752    -320.453E-03         14.3716
             777         14.8375         14.8351    -262.861E-03
             778         14.3752     320.463E-03        -14.3717
             779         14.8407    -262.327E-03        -14.8384
             780         14.8406     262.339E-03         14.8383
             781         14.3725         14.3689     320.355E-03
             782         14.3724        -14.3688    -320.411E-03
             783         14.8375        -14.8352     262.789E-03
             784         32.1386         32.1378    -225.629E-03
             785         32.1387        -32.1379     225.633E-03
             786         44.6091     259.113E-03         44.6084
             787         44.6091    -259.114E-03        -44.6084
             788         18.7025    -180.324E-03        -18.7016
             789         18.7025     180.321E-03         18.7016
             790         18.6821        -18.6813     177.016E-03
             791         18.6820         18.6812    -176.988E-03
             792         32.5107    -294.328E-03        -32.5094
             793         32.5107     294.328E-03         32.5094
             794         25.6383     472.793E-03         25.6339
             795         25.6383    -472.795E-03        -25.6339
             796         25.4153         25.4110    -469.026E-03
             797         25.4154        -25.4111     469.039E-03
             798         12.6731     244.632E-03         12.6707
             799         12.6732    -244.624E-03        -12.6708
             800         8.36237         8.24360         1.40437
             801         8.36217        -8.24337        -1.40455
             802         12.6698        -12.6674     245.018E-03
             803         8.36161         1.41564        -8.24091
             804         8.36145        -1.41558         8.24075
             805         12.6701         12.6677    -245.162E-03
             806         6.34469         4.44664        -4.52575
             807         6.34423        -4.44642         4.52533
             808         6.34846        -4.56831        -4.40834
             809         6.34839         4.56832         4.40823
             810         7.74701         3.62100        -6.84869
             811         7.74664        -3.62073         6.84841
             812         7.76804         6.93637         3.49702
             813         7.76809        -6.93632        -3.49725
             814         12.5713    -258.565E-03         12.5686
             815         12.5714     258.580E-03        -12.5687
             816         16.7366         16.7363    -90.6133E-03
             817         16.7419    -90.0315E-03        -16.7417
             818         16.7418     90.0501E-03         16.7416
             819         12.5686         12.5659     257.625E-03
             820         12.5683        -12.5656    -257.755E-03
             821         16.7369        -16.7367     90.5765E-03
             822         5.70210         3.41243         4.56829
             823         5.70238        -3.41210        -4.56889
             824         5.70120        -4.58097         3.39387
             825         5.70168         4.58123        -3.39432
             826         16.8028        -16.8026    -74.1986E-03
             827         16.8027         16.8026     74.2065E-03
             828         16.8120    -73.4912E-03         16.8118
             829         16.8120     73.4943E-03        -16.8118
             830         31.1081         31.0536        -1.84209
             831         31.1081        -31.0536         1.84210
             832         31.1676        -1.85105        -31.1126
             833         31.1676         1.85104         31.1126
             834         8.62772        -8.61236     514.652E-03
             835         8.62988     515.437E-03         8.61447
             836         8.63001    -515.395E-03        -8.61461
             837         8.62821         8.61283    -514.937E-03
             838         32.0494        -3.23683        -31.8855
             839         32.0494         3.23682         31.8855
             840         32.0440        -31.8803         3.23581
             841         32.0440         31.8803        -3.23580
             842         5.69603         3.27101        -4.66319
             843         5.69941         4.67998         3.25286
             844         5.69945        -4.67958        -3.25351
             845         5.69558        -3.27084         4.66276
             846         19.4507        -19.4504     100.199E-03
             847         19.4505         19.4502    -100.171E-03
             848         19.4844     102.271E-03         19.4842
             849         19.4845    -102.271E-03        -19.4842
             850         8.52382         8.51351     419.109E-03
             851         8.52498     422.142E-03        -8.51452
             852         8.52480    -422.094E-03         8.51434
             853         8.52346        -8.51314    -419.340E-03
             854         17.8247         17.8245     79.1839E-03
             855         17.8379     80.0197E-03        -17.8378
             856         17.8377    -79.9757E-03         17.8375
             857         17.8248        -17.8247    -79.1885E-03
             858         5.20048         2.29730         4.66556
             859         5.20132        -2.29674        -4.66676
             860         5.20032        -4.66881         2.29031
             861         5.20080         4.66912        -2.29077
             862         7.18410        -7.09714         1.11440
             863         7.18570         1.11760         7.09826
             864         7.18586        -1.11754        -7.09842
             865         7.18456         7.09755        -1.11471
             866         16.8031        -16.8030     52.3918E-03
             867         16.8090     51.9639E-03         16.8090
             868         16.8091    -51.9563E-03        -16.8090
             869         16.8028         16.8027    -52.4091E-03
             870         27.5244        -27.5150     719.519E-03
             871         27.5244         27.5150    -719.508E-03
             872         27.7695    -724.493E-03        -27.7600
             873         27.7694     724.490E-03         27.7600
             874         6.85298        -5.92025        -3.45167
             875         6.85295         5.92036         3.45141
             876         6.84059         3.50893        -5.87206
             877         6.84018        -3.50875         5.87169
             878         19.1329         19.1325     121.666E-03
             879         19.1549     122.396E-03        -19.1545
             880         19.1548    -122.386E-03         19.1544
             881         19.1332        -19.1328    -121.669E-03
             882         18.1290         18.1290    -4.32571E-03
             883         18.1292        -18.1292     4.33946E-03
             884         18.1496    -4.33003E-03        -18.1496
             885         18.1496     4.33334E-03         18.1496
             886         24.6140     137.040E-03         24.6136
             887         24.6140    -137.040E-03        -24.6136
             888         24.4089         24.4085    -138.480E-03
             889         24.4091        -24.4087     138.490E-03
             890         5.70777         1.26525         5.56577
             891         5.70879        -1.26479        -5.56692
             892         5.70753        -5.56633         1.26171
             893         5.70797         5.56670        -1.26207
             894         6.74027        -1.03387         6.66051
             895         6.74050         1.03395        -6.66073
             896         6.74046        -6.66153        -1.02854
             897         6.74067         6.66176         1.02837
             898         5.09022        -1.75063         4.77970
             899         5.09223         4.78418         1.74424
             900         5.09192        -4.78348        -1.74524
             901         5.09136         1.75089        -4.78083
             902         4.16420         3.89825        -1.46429
             903         4.16102         1.46665         3.89397
             904         4.16587        -1.46409        -3.90012
             905         4.16267        -3.89732         1.46242
             906         2.80756         2.23773        -1.69558
             907         2.80693        -1.68906        -2.24186
             908         2.79948         1.69430         2.22856
             909         2.79845        -2.23388         1.68555
             910         5.46397         5.43252     585.373E-03
             911         5.46414     588.371E-03        -5.43237
             912         5.46253    -587.910E-03         5.43080
             913         5.46358        -5.43207    -585.908E-03
             914         3.43371         1.40611        -3.13261
             915         3.42988         3.13158         1.39903
             916         3.42953        -3.12774        -1.40674
             917         3.42526        -1.40348         3.12452
             918         4.80530     301.740E-03         4.79582
             919         4.80806         4.79858    -301.729E-03
             920         4.80682        -4.79745     299.941E-03
             921         4.80953    -300.340E-03        -4.80014
             922         2.05273    -836.329E-03         1.87464
             923         2.06361        -1.88104    -848.636E-03
             924         2.06261         1.88799     830.573E-03
             925         2.07216     842.414E-03        -1.89320
             926         4.28929    -661.257E-03         4.23801
             927         4.29344         4.24268     658.210E-03
             928         4.29196        -4.24063    -661.817E-03
             929         4.29494     662.864E-03        -4.24348
             930         1.20661        -1.13712     403.574E-03
             931         1.20374     417.722E-03         1.12893
             932         1.22361    -411.718E-03        -1.15226
             933         1.21972         1.14372    -423.832E-03
             934         22.2109        -22.2079    -362.169E-03
             935         22.2106         22.2076     362.150E-03
             936         22.2653    -360.469E-03         22.2623
             937         22.2654     360.476E-03        -22.2624