*Element, type=CPS3
   1,  712,  522,  571
   2,  752,  100,  572
   3,  933,  837,  825
   4,  808,   90,  738
   5,  813,   89,  731
   6,  809,   88,  725
   7, 1776,  829,  938
   8,  893,  753,  792
   9,  753,  529,   93
  10,  699,  529,  417
  11,  542,  418,   11
  12,  905,   11,  419
  13,  530,  419,  420
  14, 1059,  683,  855
  15, 1037, 1011, 1006
  16, 1405, 1300, 1334
  17, 1511, 1432,  143
  18, 1436,  145, 1419
  19, 1769, 1548,  163
  20, 1581,  188, 1567
  21, 1588, 1566,  213
  22, 1430,  238, 1424
  23, 1261, 1209,  263
  24, 1312, 1013, 1145
  25,  857,  775,  313
  26, 1801,  492,  554
  27,  554,  492,  493
  28,  531,   59,  494
  29,  909,  531,  338
  30,  708,  555,  339
  31,  870,  840,  315
  32,  936,  315,  840
  33,  807,  737,  268
  34,  816,  734,  244
  35,  810,  723,  220
  36,  937,  834,  195
  37,  791,  756,  171
  38,  560,  515,  514
  39,  532,   72,  513
  40,  710,  532,  513
  41,  559,  512,   71
  42,  941,  791,  873
  43, 1108,  219, 1032
  44, 1095, 1023,  960
  45, 1245, 1020, 1000
  46, 1155,  964, 1092
  47, 1029,  981,  315
  48,  919,  796,  315
  49,  973,  965,  338
  50,  758,  339,  555
  51,  585,  414,  541
  52,  541,  414,  415
  53,  609,  413,    7
  54,  609,  586,  413
  55,  607,  411,  412
  56,  608,  607,  412
  57,  606,  410,    5
  58,  606,  588,  410
  59,  533,   12,  421
  60,  854,  774,  107
  61, 1786, 1037, 1066
  62, 1422, 1334, 1336
  63, 1535, 1528,  144
  64, 1575, 1560,  162
  65, 1617, 1594,  187
  66, 1672,  211, 1651
  67, 1790, 1534, 1542
  68, 1326, 1288,  286
  69, 1082,  953, 1013
  70,  841,  768,  312
  71,  553,  491,   58
  72,  775,  694,  337
  73,  640,  399,  627
  74,  627,  615,   43
  75,  598,   42,  468
  76,  780,  460,  567
  77,  639,  467,   42
  78,  662,  657,  455
  79,  743,  322,  663
  80, 1007,  297,  851
  81, 1143, 1131,  272
  82, 1345, 1296,  247
  83, 1019,  963,  222
  84, 1003,  989,  198
  85,  646,  589,  437
  86,  625,  610,   23
  87,  625,   23,  439
  88,  637,  197,  625
  89,  897,  889,  814
  90, 1096, 1024,  959
  91, 1291, 1196, 1243
  92,  913,  771,  297
  93,  687,  583,  650
  94,  663,  650,  454
  95,  743,  657,  323
  96, 1067,  298, 1055
  97, 1279, 1219,  273
  98, 1471,  249, 1441
  99, 1416, 1270, 1316
 100, 1105, 1033,  198
 101,  869,  838,  174
 102,  636,  436,   22
 103,  589,   22,  437
 104, 1097,  200, 1025
 105,  974,  966,  151
 106,  754,  545,  149
 107,  779,  434,  546
 108,  947,  776,  860
 109,  534,   19,  432
 110,  701,  534,  432
 111,  544,  430,  431
 112, 1800,  430,  544
 113,  693,  153,  562
 114, 1088, 1016,  178
 115, 1152, 1128,  203
 116, 1482, 1462, 1431
 117, 1551,  253, 1539
 118, 1615, 1595,  278
 119, 1583, 1559,  303
 120, 1505,  327, 1466
 121, 1512, 1481, 1433
 122, 1333, 1299,  356
 123, 1038, 1005,  365
 124,  773,  684,  374
 125,  535,  481,  482
 126,  552,  480,   51
 127,  538,   50,  479
 128,  590,  476,  551
 129,  551,  476,  477
 130,  626,   24,  440
 131,  638,  221,  626
 132,  929,  885,  811
 133, 1110,  270, 1034
 134, 1197, 1043, 1133
 135,  536,   30,  447
 136,  547,  536,  447
 137,  591,   25,  441
 138,  715,  611,  592
 139, 1777,  830,  940
 140,  942,  794,  875
 141,  702,  548,  448
 142, 1133, 1057,  849
 143,  592,   26,  442
 144,  782,  613,  593
 145,  895,  833,  765
 146,  549,  450,   31
 147,  907,  449,  548
 148,  593,   27,  444
 149,  716,  593,  614
 150,  755,  537,  318
 151,  703,  537,  451
 152,  594,  445,  550
 153,  550,  453,  452
 154, 1045,  657,  662
 155, 1181,  341,  662
 156,  750,  658,  660
 157,  845,  801,  692
 158, 1165, 1027,  377
 159, 1414, 1272, 1322
 160, 1248,  998, 1018
 161,  991,  928,  812
 162,  618,  617,  474
 163,  619,  475,   48
 164,  619,  595,  475
 165,  894,  757,  795
 166, 1106, 1030,  986
 167, 1394, 1290, 1328
 168, 1488, 1439,  370
 169, 1265, 1210,  361
 170,  954,  922,  360
 171, 1176, 1080,  351
 172, 1187,  341, 1119
 173, 1077,  323, 1045
 174, 1055,  797,  877
 175,  660,  458,  656
 176,  692,  656,  577
 177,  846,  769,  367
 178, 1103, 1027,  979
 179, 1093, 1021,  394
 180,  900,  815,  888
 181,  616,  401,  597
 182,  617,  473,  474
 183,  577,  466,  570
 184,  569,  465,   40
 185,  945,  777,  861
 186, 1816, 1112, 1168
 187,  931,  806,  891
 188,  641,  628,  471
 189,  616,  472,   46
 190, 1798,  464,  576
 191,  975,  967,   81
 192,  934,  384,  839
 193,  806,  399,  736
 194,  713,  565,  462
 195,  780,  568,   38
 196,  751,  383,  568
 197,  934,  839,  827
 198,  865,  751,  761
 199,  918,  790,  384
 200,  565,   39,  462
 201,  576,  464,  463
 202,  647,  598,  468
 203,  627,   43,  470
 204,  628,   44,  471
 205,  706,  538,  479
 206,  908,   51,  481
 207,  539,   52,  483
 208,  684,  539,  563
 209,  672,  653,  489
 210,  747,  674,  358
 211, 1124,  669,  350
 212, 1253,  349, 1238
 213, 1491, 1377, 1444
 214, 1557, 1497,  309
 215, 1503,  284, 1465
 216, 1534, 1526,  261
 217, 1721, 1676, 1700
 218, 1684, 1651,  235
 219, 1674, 1651, 1630
 220, 1694, 1686,  210
 221, 1792, 1748, 1730
 222, 1723, 1681, 1709
 223, 1638, 1627, 1614
 224, 1598, 1561, 1578
 225, 1508, 1468, 1437
 226, 1418, 1287, 1325
 227, 1325, 1287,  203
 228, 1184,  669,  487
 229,  676,   55,  486
 230, 1050,  676,  678
 231, 1284, 1180,  310
 232, 1339, 1305, 1237
 233, 1421, 1288, 1326
 234,  678,  486,   54
 235,  748,  678,  673
 236,  924,  804,  311
 237, 1797,  924,  953
 238,  673,  485,  654
 239,  689,  654,  579
 240,  841,  804,  689
 241,  579,  490,  564
 242,  697,  496,  556
 243,  642,  498,   62
 244,  648,  599,  499
 245,  818,  629,  292
 246,  737,  643,  630
 247,  734,  600,  244
 248,  723,  601,  220
 249,  824,  622,  623
 250,  603,  507,  560
 251,  717,  602,  624
 252,  910,   71,  511
 253,  709,  558,  510
 254, 1200, 1042, 1136
 255, 1292, 1195, 1244
 256, 1330, 1292,  217
 257, 1406, 1295, 1346
 258, 1315, 1269,  289
 259, 1162, 1098,  978
 260,  859,  775,  337
 261,  948,  775,  859
 262,  540,   70,  509
 263,  914,  772,  192
 264, 1075,  952, 1010
 265, 1273, 1220,  240
 266, 1489, 1440,  264
 267, 1269, 1213,  289
 268, 1099,  313, 1026
 269, 1163, 1026,  289
 270, 1507, 1500, 1341
 271, 1285, 1234,  136
 272,  955,  923,  129
 273, 1222, 1085,  113
 274, 1101,  116, 1028
 275, 1104,  117, 1028
 276, 1111, 1035,   98
 277,  933,   99,  837
 278, 1046,  661,  666
 279, 1182,   75,  518
 280,  668,  518,  519
 281, 1079,  147, 1048
 282, 1443, 1079, 1229
 283, 1375, 1311,  147
 284, 1498, 1375, 1477
 285, 1543,  164, 1498
 286, 1639, 1606, 1623
 287, 1337, 1331,  214
 288, 1524, 1486, 1517
 289, 1350, 1209, 1262
 290, 1445, 1373,  239
 291, 1440, 1373, 1378
 292, 1351, 1220, 1280
 293, 1190, 1068, 1140
 294, 1225,  190, 1173
 295, 1256,  165, 1240
 296, 1692, 1596, 1668
 297, 1596, 1579,  188
 298,  749,  659,  665
 299,  847,  800,  691
 300,  923,  800,  129
 301,  881,  138,  749
 302,  976,  968,   84
 303,  566,   79,  524
 304,  714,  566,  524
 305,  712,  572,   78
 306,  573,  526,  525
 307, 1799,  526,  573
 308,  695,  114,  575
 309,  848,  770,  114
 310,  847,  770,  113
 311,  691,  578,  114
 312,  578,  528,  575
 313,  574,  527,   80
 314,  631,    3,  409
 315,  634,  632,  408
 316,  817,  632,   90
 317,  817,  785,  605
 318,  645,  604,  406
 319,  604,    1,  406
 320,  571,  521,  405
 321,  635,  631,  409
 322,  753,   85,  698
 323,  943,  792,  874
 324, 1459, 1194, 1289
 325, 1390, 1129, 1275
 326, 1438, 1371, 1379
 327, 1211, 1126,  128
 328, 1148,  955, 1086
 329,  938,  835,   94
 330, 1107, 1031,  985
 331, 1395, 1289, 1327
 332, 1487, 1438,  111
 333, 1266, 1211,  128
 334, 1085, 1015,  129
 335,  992,  927,  809
 336,  961,   96,  927
 337, 1293,  104, 1247
 338, 1271, 1216,  117
 339, 1166, 1028,  117
 340,  899,  813,  887
 341,  997,   97,  899
 342, 1321, 1271,  117
 343, 1104, 1028,  980
 344,  932,  808,  892
 345,  958,   98,  932
 346, 1815, 1111, 1167
 347,  917,  789,   99
 348,  868,  752,  759
 349,  969,  943,  874
 350, 1041,  101,  969
 351, 1141,  949, 1072
 352, 1353, 1217, 1277
 353, 1475,  127, 1447
 354, 1324, 1285,  136
 355, 1341, 1307, 1234
 356, 1170, 1107,  985
 357, 1089,  103, 1017
 358, 1247,  997, 1017
 359, 1094, 1022,  104
 360,  946,  778,  862
 361,  862,  778,  115
 362,  774,  683,  107
 363,  949,  915,  108
 364, 1217, 1129,  109
 365, 1469,  110, 1438
 366, 1384, 1216, 1320
 367, 1415, 1271, 1321
 368, 1410, 1361, 1293
 369, 1327, 1289,  120
 370, 1241,  121, 1141
 371, 1134, 1059,  855
 372, 1006,  854,  901
 373, 1054,  802,  883
 374, 1230,  132, 1178
 375, 1760, 1648, 1682
 376, 1602,  181, 1592
 377, 1577, 1561,  206
 378, 1592, 1549, 1577
 379, 1637,  206, 1627
 380, 1658, 1627,  207
 381, 1711, 1690,  158
 382, 1604, 1586,  142
 383, 1259, 1203,  132
 384, 1138, 1054,  132
 385,  883,  802,  745
 386, 1037, 1006,  124
 387, 1277, 1217,  109
 388, 1447, 1379, 1371
 389, 1348, 1211, 1266
 390,  700,  533,  122
 391,  581,  107,  561
 392,  671,  652,  427
 393,  745,  680,  131
 394, 1123,  670,  139
 395, 1254, 1233,  156
 396, 1653, 1632, 1619
 397, 1509,  204, 1468
 398, 1532, 1468,  205
 399, 1049,  680,  670
 400, 1621, 1259,  141
 401, 1230, 1178, 1069
 402, 1334, 1300,  133
 403, 1522, 1484, 1515
 404, 1387, 1126, 1263
 405,  745,  671,  680
 406, 1287, 1236,  203
 407,  921,  799,  178
 408,  690,  580,  153
 409,  580,  428,  562
 410,  543,  429,   18
 411, 1183,  670,  425
 412, 1186,  140, 1123
 413, 1644, 1604, 1641
 414, 1648,  158, 1644
 415, 1336, 1334,  133
 416, 1564,  143, 1453
 417, 1732, 1701,  161
 418, 1613,  186, 1599
 419, 1628, 1594, 1617
 420, 1511, 1480, 1432
 421, 1419, 1285, 1324
 422, 1120,  668, 1048
 423, 1188,  148, 1120
 424, 1076,  166, 1046
 425, 1068,  191, 1056
 426, 1280, 1220,  216
 427, 1249, 1010, 1040
 428, 1040, 1010, 1008
 429, 1008,  852,  904
 430,  744,  661,  166
 431,  666,  661,  517
 432, 1118,  666,  148
 433,  754,  150,  545
 434,  920,  793,  174
 435,  858,  776,  176
 436, 1164, 1025,  200
 437, 1317, 1270,  224
 438, 1490, 1441,  225
 439, 1374,  249, 1352
 440, 1352, 1219, 1279
 441, 1402, 1297, 1332
 442, 1338, 1332,  275
 443, 1587, 1563,  276
 444, 1455, 1425, 1338
 445, 1513, 1482, 1431
 446, 1476,  226, 1448
 447, 1448, 1374,  250
 448, 1525, 1483, 1514
 449, 1402, 1355, 1297
 450,  746,  675,  679
 451,  679,  423,  651
 452,  842,  767,  177
 453,  767,  690,  153
 454, 1281, 1175,  179
 455,  799,  746,  154
 456, 1780, 1078, 1227
 457, 1121,  677, 1051
 458,  679,  675,   14
 459, 1821, 1653, 1619
 460, 1718, 1711,  182
 461, 1733, 1720, 1602
 462, 1754, 1553, 1570
 463, 1743, 1726, 1737
 464, 1662, 1656,  185
 465, 1636,  210, 1626
 466, 1735, 1732,  161
 467, 1506,  162, 1467
 468, 1531, 1507, 1467
 469,  709,  540,  169
 470,  584,  168,  557
 471,  852,  772,  168
 472, 1056,  798,  878
 473, 1173,  878,  166
 474,  682,  169,  540
 475, 1113,  170,  558
 476,  896,  834,  766
 477,  970,  941,  873
 478,  677,   15,  424
 479, 1051,  675,  155
 480,  935,  838,  826
 481, 1814,  920,  982
 482,  977,  176,  947
 483, 1314, 1016, 1151
 484, 1347, 1212, 1268
 485, 1268, 1212,  202
 486, 1267, 1212,  226
 487, 1087,  956, 1016
 488, 1794,  921,  956
 489, 1308, 1281,  179
 490, 1726,  183, 1717
 491, 1717, 1667, 1708
 492, 1753, 1739,  209
 493, 1757, 1678,  184
 494, 1599, 1560, 1575
 495, 1584, 1560,  186
 496, 1567, 1543, 1555
 497, 1303, 1202, 1258
 498, 1623, 1258,  189
 499, 1803,  952, 1144
 500, 1195, 1171,  194
 501, 1778,  832,  937
 502, 1108, 1032,  983
 503,  860,  776,  152
 504,  805,  735,  221
 505,  989,  805,  925
 506, 1156,  963, 1091
 507, 1316, 1270,  200
 508, 1214,  201, 1164
 509, 1681, 1667,  207
 510, 1616, 1594,  211
 511, 1784, 1606, 1643
 512, 1403, 1356, 1298
 513, 1331, 1298,  214
 514, 1144, 1132,  217
 515, 1392, 1292, 1330
 516,  930,  886,  810
 517,  960,  243,  930
 518, 1100,  176, 1025
 519,  784,  623,  602
 520, 1024,  999,  246
 521, 1246, 1019,  999
 522, 1407, 1296, 1345
 523, 1437,  204, 1418
 524, 1537, 1533,  228
 525, 1685, 1652,  254
 526, 1629, 1595, 1618
 527, 1600, 1559, 1576
 528, 1734, 1731,  328
 529, 1335, 1333,  356
 530, 1137, 1053,  357
 531,  803,  686,  366
 532,  653,  582,   53
 533, 1578, 1561,  205
 534, 1703,  230, 1610
 535, 1675,  254, 1652
 536, 1635,  279, 1625
 537, 1758, 1677,  305
 538, 1755, 1552, 1569
 539, 1622, 1260,  348
 540, 1179,  884,  358
 541,  674,  672,   56
 542, 1614,  206, 1598
 543, 1827, 1663, 1808
 544, 1746, 1695, 1741
 545, 1752, 1738,  280
 546, 1725,  306, 1716
 547, 1645, 1605, 1640
 548, 1670, 1231,  349
 549, 1052,  674,  669
 550, 1709, 1681,  207
 551, 1825, 1817,  232
 552, 1793, 1729,  257
 553, 1680, 1666,  282
 554, 1719, 1710,  307
 555, 1761, 1649, 1683
 556, 1253, 1238, 1185
 557, 1730,  208, 1723
 558, 1819, 1818,  233
 559, 1707, 1680,  282
 560, 1633,  283, 1624
 561, 1550, 1538,  308
 562, 1377,  332, 1309
 563, 1747, 1694, 1740
 564, 1767,  234, 1747
 565, 1654, 1634, 1611
 566, 1558, 1546,  284
 567, 1527, 1502, 1465
 568, 1674,  235, 1651
 569, 1759, 1660, 1676
 570, 1574, 1558,  284
 571, 1503, 1465, 1434
 572, 1554,  236, 1542
 573, 1456, 1424, 1337
 574, 1472,  240, 1440
 575, 1346, 1295,  242
 576,  898,  890,  816
 577, 1000,  267,  898
 578,  621,  244,  600
 579,  814,  732,  245
 580, 1393, 1291, 1329
 581, 1329, 1291,  272
 582, 1274, 1219,  249
 583, 1791, 1537, 1539
 584, 1722, 1679, 1703
 585, 1756, 1663, 1679
 586, 1766,  255, 1746
 587, 1820, 1818, 1819
 588, 1826, 1818,  257
 589, 1828, 1660, 1807
 590, 1700,  259, 1607
 591, 1479, 1461, 1430
 592, 1473,  263, 1445
 593, 1318, 1269,  265
 594, 1417, 1269, 1315
 595,  990,  807,  926
 596,  964,  291,  926
 597,  644,  630,  502
 598,  811,  715,  269
 599, 1160, 1110,  271
 600, 1802,  951, 1143
 601, 1074,  951, 1009
 602, 1250, 1009, 1039
 603, 1189, 1067, 1139
 604, 1201,  275, 1189
 605, 1642, 1603, 1620
 606, 1691, 1582, 1615
 607, 1781, 1603, 1646
 608, 1304, 1201, 1257
 609, 1673,  278, 1652
 610, 1631,  278, 1629
 611, 1695, 1687,  279
 612, 1793, 1749, 1729
 613, 1724, 1680, 1707
 614, 1634, 1624, 1611
 615, 1601, 1558, 1574
 616, 1146, 1125,  286
 617, 1262, 1209,  287
 618, 1098,  289, 1026
 619,  936,  840,  828
 620, 1109, 1029,  291
 621,  643,  292,  629
 622,  833,  830,  293
 623,  984,  294,  942
 624, 1196, 1172,  295
 625,  687,  321,  583
 626, 1007,  851,  903
 627, 1226,  299, 1174
 628, 1693, 1597, 1671
 629, 1580, 1544, 1568
 630, 1583, 1547, 1559
 631, 1568, 1544, 1556
 632, 1597, 1580,  301
 633, 1618, 1595,  302
 634, 1612,  303, 1600
 635, 1661, 1657,  304
 636, 1716, 1666, 1706
 637, 1655, 1624,  282
 638, 1573, 1550, 1546
 639, 1305, 1284,  310
 640, 1081, 1013,  311
 641,  818,  788,  620
 642,  755,  317,  704
 643,  971,  942,  875
 644,  681,  320,  536
 645, 1117,  662,  341
 646, 1255,  324, 1239
 647, 1376, 1310,  342
 648, 1504, 1501, 1340
 649, 1505, 1466, 1435
 650, 1529, 1504, 1466
 651, 1499, 1376, 1478
 652, 1576, 1559,  327
 653, 1731, 1702,  328
 654, 1742, 1725, 1736
 655, 1689,  330, 1645
 656, 1773, 1562,  331
 657, 1071,  333, 1050
 658,  748,  334,  678
 659,  742,  722,  599
 660,  667,  456,  457
 661, 1119,  667, 1047
 662, 1442, 1080, 1228
 663, 1306, 1282,  352
 664, 1323, 1286,  353
 665, 1512, 1433,  346
 666, 1420, 1286, 1323
 667, 1340, 1306, 1235
 668, 1536, 1530,  345
 669, 1565,  346, 1454
 670, 1605, 1585,  347
 671, 1670, 1649,  348
 672, 1184,  676,  350
 673,  801,  750,  359
 674,  880,  351,  750
 675, 1147,  954, 1083
 676, 1147, 1127,  353
 677, 1474,  362, 1446
 678, 1404, 1299, 1333
 679, 1523, 1485, 1516
 680, 1386, 1127, 1264
 681, 1423, 1333, 1335
 682, 1204,  356, 1191
 683, 1231, 1179, 1070
 684, 1223, 1084,  368
 685, 1084, 1014,  360
 686, 1349, 1210, 1265
 687, 1439, 1372, 1380
 688, 1354, 1218, 1278
 689, 1038, 1012, 1005
 690, 1278, 1218,  372
 691, 1446, 1380, 1372
 692, 1785, 1038, 1065
 693,  884,  803,  747
 694,  769,  692,  367
 695, 1272, 1215,  377
 696, 1385, 1215, 1319
 697, 1470,  371, 1439
 698, 1391, 1130, 1276
 699, 1142,  950, 1073
 700, 1060,  684,  856
 701,  950,  916,  373
 702, 1218, 1130,  372
 703,  853,  773,  374
 704,  777,  696,  375
 705, 1102,  376, 1027
 706, 1294,  394, 1248
 707, 1411, 1362, 1294
 708, 1328, 1290,  380
 709, 1460, 1193, 1290
 710, 1199, 1044, 1135
 711, 1135, 1060,  856
 712, 1242,  381, 1142
 713, 1036,  987,  384
 714,  957,  385,  931
 715,  998,  386,  900
 716, 1090,  393, 1018
 717, 1154, 1106,  392
 718,  972,  944,  876
 719,  944,  795,  876
 720,  757,  404,  705
 721,  831,  402,  823
 722,  939,  836,  389
 723, 1169, 1106,  986
 724, 1322, 1272,  377
 725, 1168, 1103,  979
 726,  861,  777,  375
 727,  815,  400,  733
 728,  812,  401,  728
 729,  664,  649,  516
 730,  665,  520,  655
 731,  718,  633,  604
 732,  645,  406,  407
 733,  605,  407,    2
 734,  634,    3,  631
 735,  635,    4,  588
 736,  606,    5,  587
 737,  607,  587,  411
 738,  608,    6,  586
 739,  609,    7,  585
 740,  415,  414,    9
 741,  698,  541,  416
 742,  698,  416,   10
 743,  699,  417,  418
 744,  905,  542,   11
 745,  905,  530,   83
 746,  700,   12,  533
 747,  581,  561,  422
 748,  581,  422,   13
 749,  651,  423,   17
 750, 1183,  425,   15
 751,  671,  427,   16
 752,  562,  428,  429
 753, 1800,  543,   18
 754,  906,  544,  431
 755,  906,  431,   19
 756,  701,  433,  545
 757,  545,  433,   20
 758,  546,  434,  435
 759,  435,   21,  436
 760,  719,  636,  589
 761,  646,  437,  438
 762,  610,  438,   23
 763,  735,  626,  221
 764,  638,  626,  440
 765,  611,   26,  592
 766,  612,  592,  442
 767,  613,  612,  443
 768,  720,  594,  317
 769,  453,  445,   29
 770,  583,  446,   33
 771,  583,  547,  446
 772,  702,   30,  536
 773,  548,  449,  448
 774,  907,  549,   31
 775,  703,  451,  450
 776,  704,  452,   32
 777,  704,  550,  452
 778,  663,  454,   34
 779, 1181,  662,   35
 780, 1047,  658,  351
 781,  658,  457,   36
 782,  656,  458,   37
 783,  459,   41,  467
 784,  567,  460,  459
 785,  568,  461,   38
 786,  713,  461,  568
 787,  912,  463,   39
 788,  912,  576,  463
 789, 1798,  569,   40
 790,  570,  466,  465
 791,  721,  639,  598
 792,  647,  468,  469
 793,  615,  469,   43
 794,  736,  628,  400
 795,  641,   45,  597
 796,  616,  597,  472
 797,  617,  596,  473
 798,  618,   47,  595
 799,  619,   48,  590
 800,  477,  476,   49
 801,  705,  551,  478
 802,  705,  478,   50
 803,  706,  479,  480
 804,  908,  552,   51
 805,  908,  535,   82
 806,  707,   52,  539
 807,  582,  563,  484
 808,  582,  484,   53
 809,  654,  485,   57
 810, 1184,  487,   55
 811,  672,  489,   56
 812,  564,  490,  491
 813, 1801,  553,   58
 814,  909,  554,  493
 815,  909,  493,   59
 816,  708,  495,  555
 817,  555,  495,   60
 818,  556,  496,  497
 819,  497,   61,  498
 820,  722,  642,  599
 821,  648,  499,  500
 822,  620,  500,   63
 823,  737,  630,  268
 824,  644,   65,  600
 825,  723,  621,  601
 826,  622,  601,  504
 827,  623,  622,  505
 828,  724,  603,  172
 829,  515,  507,   69
 830,  584,  508,   73
 831,  584,  557,  508
 832,  709,   70,  540
 833,  558,  511,  510
 834,  910,  559,   71
 835,  710,  513,  512
 836,  711,  514,   72
 837,  711,  560,  514
 838,  664,  516,   74
 839, 1182,  666,   75
 840, 1048,  659,  138
 841,  659,  519,   76
 842,  655,  520,   77
 843,  521,    8,  405
 844,  571,  522,  521
 845,  572,  523,   78
 846,  714,  523,  572
 847,  911,  525,   79
 848,  911,  573,  525
 849, 1799,  574,   80
 850,  575,  528,  527
 851,  753,  698,  529
 852,  529,   10,  417
 853,  700,  530,  420
 854, 1114,  122, 1063
 855,  708,  531,  494
 856,  871,  531,  339
 857,  756,  532,  171
 858,  756,  711,  532
 859,  561,  533,  421
 860,  683,  533,  561
 861,  872,  534,  150
 862,  906,  534,  151
 863,  707,  535,  482
 864, 1116,  382, 1064
 865,  681,  536,  547
 866,  702,  536,  320
 867,  755,  704,  537
 868,  537,   32,  451
 869,  757,  538,  390
 870,  757,  705,  538
 871,  707,  539,  382
 872,  563,  539,  483
 873,  557,  540,  509
 874,  682,  540,  557
 875,  541,  415,  416
 876,  585,  541,   85
 877,  874,  542,   83
 878,  699,  542,   93
 879,  693,  543,  152
 880,  693,  562,  543
 881,  860,  544,  151
 882, 1800,  544,  152
 883,  701,  545,  150
 884,  779,  545,   20
 885,  779,  546,  149
 886,  546,  435,  436
 887,  547,  447,  446
 888,  681,  547,  321
 889, 1115,  320, 1061
 890,  907,  548,  319
 891,  875,  549,  319
 892,  703,  549,  318
 893,  594,  550,  317
 894,  550,  445,  453
 895,  551,  477,  478
 896,  590,  551,  404
 897,  876,  552,   82
 898,  706,  552,  390
 899,  694,  553,  337
 900,  694,  564,  553
 901,  859,  554,  338
 902, 1801,  554,  337
 903,  697,  555,   60
 904,  758,  555,  697
 905,  697,  556,  340
 906,  556,  497,  498
 907,  557,  509,  508
 908,  682,  557,  168
 909, 1113,  169, 1062
 910,  910,  558,  170
 911,  873,  559,  170
 912,  710,  559,  171
 913,  603,  560,  172
 914,  560,  507,  515
 915,  561,  421,  422
 916,  683,  561,  107
 917,  580,  562,  153
 918,  562,  429,  543
 919,  563,  483,  484
 920,  684,  563,  374
 921,  579,  564,  336
 922,  564,  491,  553
 923,  866,  565,  383
 924,  912,  565,   81
 925,  867,  566,  100
 926,  911,  566,   84
 927,  780,  567,  397
 928,  567,  459,  467
 929,  751,  568,  397
 930,  713,  568,  383
 931,  696,  569,  375
 932,  696,  570,  569
 933,  577,  570,  367
 934,  570,  465,  569
 935,  633,  405,    1
 936,  712,  571,   92
 937,  752,  572,  712
 938,  714,  572,  100
 939,  862,  573,   84
 940, 1799,  573,  115
 941,  695,  574,  115
 942,  695,  575,  574
 943,  578,  575,  114
 944,  575,  527,  574
 945,  861,  576,   81
 946, 1798,  576,  375
 947,  577,   37,  466
 948,  692,  577,  367
 949,  691,  655,  578
 950,  578,   77,  528
 951,  579,   57,  490
 952,  689,  579,  336
 953,  690,  651,  580
 954,  580,   17,  428
 955,  652,  581,   13
 956,  685,  581,  652
 957,  686,  582,  653
 958,  582,  374,  563
 959,  583,  321,  547
 960,  650,  583,   33
 961,  649,  584,   73
 962,  688,  584,  649
 963,  726,  609,  585
 964,  585,    7,  414
 965,  821,  607,  608
 966,  586,    6,  413
 967,  725,  587,   87
 968,  587,    5,  411
 969,  731,  588,   88
 970,  588,    4,  410
 971,  740,  719,  589
 972,  636,  149,  546
 973,  729,  619,  590
 974,  590,   48,  476
 975,  611,  441,   26
 976,  732,  591,  245
 977,  612,  442,  443
 978,  715,  592,  269
 979,  614,  444,   28
 980,  822,  612,  613
 981,  720,  716,  614
 982,  594,   28,  445
 983,  823,  617,  618
 984,  595,   47,  475
 985,  728,  596,  402
 986,  596,   46,  473
 987,  733,  597,  401
 988,  597,   45,  472
 989,  741,  721,  598
 990,  639,  397,  567
 991,  642,  340,  556
 992,  599,   62,  499
 993,  600,   65,  503
 994,  621,  503,   66
 995,  601,   66,  504
 996,  622,  504,  505
 997,  602,   67,  506
 998,  624,  506,   68
 999,  724,  717,  624
1000,  603,   68,  507
1001,  739,  718,  604
1002,  633,   92,  571
1003,  785,  645,  605
1004,  632,  605,    2
1005,  725,  606,  587
1006,  606,   88,  588
1007,  608,  412,    6
1008,  607,   87,  587
1009,  781,  586,   86
1010,  781,  608,  586
1011,  726,  585,   85
1012,  727,  586,  609
1013,  819,  786,  610
1014,  786,  646,  610
1015,  611,  245,  591
1016,  611,  591,  441
1017,  613,  443,   27
1018,  612,  269,  592
1019,  613,   27,  593
1020,  782,  593,  293
1021,  614,  593,  444
1022,  614,   28,  594
1023,  820,  787,  615
1024,  787,  647,  615
1025,  616,   46,  596
1026,  728,  616,  596
1027,  618,  474,   47
1028,  617,  402,  596
1029,  783,  595,  403
1030,  783,  618,  595
1031,  729,  590,  404
1032,  730,  595,  619
1033,  788,  648,  620
1034,  629,  620,   63
1035,  621,  600,  503
1036,  621,   66,  601
1037,  623,  505,   67
1038,  622,  220,  601
1039,  623,   67,  602
1040,  784,  602,  196
1041,  624,  602,  506
1042,  624,   68,  603
1043,  637,  439,   24
1044,  819,  625,  197
1045,  638,  440,   25
1046,  735,  637,  626
1047,  640,  470,   44
1048,  820,  627,  399
1049,  641,  471,   45
1050,  736,  640,  628
1051,  629,   63,  501
1052,  643,  501,   64
1053,  630,   64,  502
1054,  644,  502,   65
1055,  635,  409,    4
1056,  738,  634,  631
1057,  632,    2,  408
1058,  634,  408,    3
1059,  633,  571,  405
1060,  633,    1,  604
1061,  738,  631,   89
1062,  634,   90,  632
1063,  731,  635,  588
1064,  635,   89,  631
1065,  636,  546,  436
1066,  636,   22,  589
1067,  637,  625,  439
1068,  637,   24,  626
1069,  638,   25,  591
1070,  732,  638,  591
1071,  639,  567,  467
1072,  639,   42,  598
1073,  640,  627,  470
1074,  640,   44,  628
1075,  733,  641,  597
1076,  641,  400,  628
1077,  642,  556,  498
1078,  642,   62,  599
1079,  643,  629,  501
1080,  643,   64,  630
1081,  734,  644,  600
1082,  644,  268,  630
1083,  645,  407,  605
1084,  739,  645,   91
1085,  646,  438,  610
1086,  740,  646,  173
1087,  647,  469,  615
1088,  741,  647,  398
1089,  648,  500,  620
1090,  742,  648,  316
1091,  649,   73,  516
1092,  688,  649,  167
1093,  650,   33,  454
1094,  687,  650,  322
1095,  679,  651,  154
1096,  651,   17,  580
1097,  652,   13,  427
1098,  685,  652,  123
1099,  653,   53,  489
1100,  686,  653,  366
1101,  673,  654,  335
1102,  654,   57,  579
1103,  665,  655,  130
1104,  655,   77,  578
1105,  660,  656,  359
1106,  656,   37,  577
1107,  743,  663,  657
1108,  657,   34,  455
1109,  660,  658,   36
1110, 1047,  667,  658
1111,  665,  659,   76
1112, 1048,  668,  659
1113,  660,   36,  458
1114,  750,  660,  359
1115,  744,  664,  661
1116,  661,   74,  517
1117,  662,  455,   35
1118, 1117, 1045,  662
1119,  663,  322,  650
1120,  663,   34,  657
1121,  664,  167,  649
1122,  664,   74,  661
1123,  665,   76,  520
1124,  749,  665,  130
1125,  666,  517,   75
1126, 1118, 1046,  666
1127, 1181,  667,  341
1128,  667,  457,  658
1129, 1182,  668,  148
1130,  668,  519,  659
1131,  669,  488,  487
1132, 1124, 1052,  669
1133,  670,  426,  425
1134, 1123, 1049,  670
1135,  671,  123,  652
1136,  680,  671,   16
1137,  747,  672,  674
1138,  672,  366,  653
1139,  673,   54,  485
1140,  748,  673,  335
1141,  674,   56,  488
1142,  674,  488,  669
1143, 1051,  677,  675
1144,  675,  424,   14
1145,  678,  676,  486
1146, 1122,  676, 1050
1147, 1183,  677,  139
1148,  677,  424,  675
1149,  678,   54,  673
1150, 1050,  678,  334
1151,  679,   14,  423
1152,  746,  679,  154
1153,  680,   16,  426
1154,  680,  426,  670
1155,  771,  681,  321
1156, 1057,  681,  849
1157,  772,  682,  168
1158, 1058,  682,  850
1159,  915,  774,  108
1160,  683,  122,  533
1161,  916,  773,  373
1162,  684,  382,  539
1163,  685,  107,  581
1164,  802,  685,  123
1165, 1005,  853,  902
1166,  686,  374,  582
1167,  797,  687,  322
1168,  851,  771,  321
1169,  688,  168,  584
1170,  798,  688,  167
1171,  689,  335,  654
1172,  768,  689,  336
1173,  842,  799,  690
1174,  690,  154,  651
1175,  691,  130,  655
1176,  770,  691,  114
1177,  845,  769,  368
1178,  692,  359,  656
1179,  776,  693,  152
1180,  843,  767,  153
1181,  844,  768,  336
1182,  694,  336,  564
1183,  778,  695,  115
1184,  863,  778,  116
1185,  864,  777,  376
1186,  696,  367,  570
1187,  697,   60,  496
1188,  758,  697,  340
1189,  698,   85,  541
1190,  698,   10,  529
1191,  699,   93,  529
1192,  699,  418,  542
1193,  700,  420,   12
1194, 1114,  700,  122
1195,  701,  432,  433
1196,  701,  150,  534
1197,  702,  448,   30
1198, 1115,  702,  320
1199,  703,  318,  537
1200,  703,  450,  549
1201,  704,  317,  550
1202,  704,   32,  537
1203,  705,  404,  551
1204,  705,   50,  538
1205,  706,  390,  538
1206,  706,  480,  552
1207,  707,  482,   52
1208, 1116,  707,  382
1209,  708,  494,  495
1210,  708,  339,  531
1211,  709,  510,   70
1212, 1113,  709,  169
1213,  710,  171,  532
1214,  710,  512,  559
1215,  711,  172,  560
1216,  711,   72,  532
1217,  712,   78,  522
1218,  752,  712,   92
1219,  713,  462,  461
1220,  713,  383,  565
1221,  714,  524,  523
1222,  714,  100,  566
1223,  994,  811,  269
1224,  715,  245,  611
1225,  765,  720,  317
1226,  716,  293,  593
1227,  766,  724,  172
1228,  717,  196,  602
1229,  759,  718,  739
1230,  718,   92,  633
1231,  760,  719,  740
1232,  719,  149,  636
1233,  720,  614,  594
1234,  765,  317,  755
1235,  761,  721,  741
1236,  721,  397,  639
1237,  762,  722,  742
1238,  722,  340,  642
1239,  993,  810,  220
1240,  723,  244,  621
1241,  724,  624,  603
1242,  766,  172,  756
1243,  809,  725,   87
1244,  725,   88,  606
1245,  763,  726,   85
1246,  763,   85,  753
1247,  727,   86,  586
1248,  727,  609,  726
1249,  812,  728,  402
1250,  728,  401,  616
1251,  764,  729,  404
1252,  764,  404,  757
1253,  730,  403,  595
1254,  730,  619,  729
1255,  813,  731,   88
1256,  731,   89,  635
1257,  885,  814,  245
1258,  732,  221,  638
1259,  815,  733,  401
1260,  733,  400,  641
1261,  886,  816,  244
1262,  734,  268,  644
1263,  889,  805,  221
1264,  735,  197,  637
1265,  806,  736,  400
1266,  736,  399,  640
1267,  890,  807,  268
1268,  737,  292,  643
1269,  808,  738,   89
1270,  738,   90,  634
1271,  739,  604,  645
1272,  759,  752,   92
1273,  740,  589,  646
1274,  760,  754,  149
1275,  741,  598,  647
1276,  761,  751,  397
1277,  742,  599,  648
1278,  762,  758,  340
1279, 1174,  877,  323
1280,  877,  797,  743
1281,  878,  798,  744
1282,  744,  167,  664
1283,  745,  123,  671
1284, 1178,  883,  131
1285,  879,  155,  746
1286,  746,  155,  675
1287, 1053,  803,  884
1288,  747,  366,  672
1289,  804,  748,  335
1290,  882,  334,  748
1291,  749,  138,  659
1292,  800,  749,  130
1293,  922,  801,  360
1294,  750,  351,  658
1295,  761,  397,  721
1296,  865,  839,  384
1297,  759,   92,  718
1298,  868,  837,   99
1299,  792,  753,   93
1300,  893,  835,  763
1301,  760,  149,  719
1302,  869,  754,  760
1303,  794,  755,  318
1304,  895,  755,  794
1305,  896,  756,  791
1306,  756,  172,  711
1307,  795,  757,  390
1308,  894,  836,  764
1309,  762,  340,  722
1310,  870,  758,  762
1311,  759,  739,   91
1312,  837,  759,   91
1313,  760,  740,  173
1314,  838,  760,  173
1315,  761,  741,  398
1316,  839,  761,  398
1317,  762,  742,  316
1318,  840,  762,  316
1319,  763,   86,  727
1320,  763,  727,  726
1321,  764,  403,  730
1322,  764,  730,  729
1323,  765,  293,  716
1324,  765,  716,  720
1325,  766,  196,  717
1326,  766,  717,  724
1327,  843,  153,  693
1328, 1088,  842,  177
1329,  844,  336,  694
1330, 1081,  841,  312
1331,  846,  367,  696
1332, 1084,  845,  368
1333,  848,  114,  695
1334, 1085,  847,  113
1335,  851,  321,  687
1336,  913,  849,  771
1337,  852,  168,  688
1338,  914,  850,  772
1339,  853,  374,  686
1340,  916,  856,  773
1341,  854,  107,  685
1342,  915,  855,  774
1343,  859,  337,  554
1344,  857,  844,  694
1345,  860,  152,  544
1346,  858,  843,  693
1347,  861,  375,  576
1348,  864,  846,  696
1349,  862,  115,  573
1350,  863,  848,  695
1351,  779,  149,  545
1352,  779,   20,  434
1353,  780,  397,  568
1354,  780,   38,  460
1355,  829,  781,   86
1356,  829,  821,  781
1357,  830,  782,  293
1358,  830,  822,  782
1359,  831,  783,  403
1360,  831,  823,  783
1361,  832,  784,  196
1362,  832,  824,  784
1363,  825,  785,  817
1364,  785,   91,  645
1365,  826,  786,  819
1366,  786,  173,  646
1367,  827,  787,  820
1368,  787,  398,  647
1369,  828,  788,  818
1370,  788,  316,  648
1371,  917,  867,  789
1372,  789,  100,  752
1373,  918,  866,  790
1374,  790,  383,  751
1375,  873,  791,  171
1376,  896,  195,  834
1377,  874,  792,   93
1378,  893,   94,  835
1379,  920,  872,  793
1380,  793,  150,  754
1381,  875,  794,  318
1382,  895,  294,  833
1383,  876,  795,  390
1384,  894,  389,  836
1385,  919,  871,  796
1386,  796,  339,  758
1387,  903,  797,  298
1388,  797,  322,  743
1389,  904,  798,  191
1390,  798,  167,  744
1391,  799,  154,  690
1392,  921,  879,  799
1393,  800,  130,  691
1394,  923,  881,  800
1395,  801,  359,  692
1396,  922,  880,  801
1397,  901,  802,  124
1398,  802,  123,  745
1399,  902,  803,  365
1400,  803,  366,  747
1401,  804,  335,  689
1402,  924,  882,  804
1403,  925,  805,  889
1404,  805,  197,  735
1405,  891,  806,  400
1406,  995,  806,  931
1407,  926,  807,  890
1408,  807,  292,  737
1409,  892,  808,   89
1410,  996,  808,  932
1411,  992,  809,   87
1412,  927,  887,  809
1413,  993,  930,  810
1414,  810,  244,  723
1415,  994,  929,  811
1416,  811,  245,  715
1417,  991,  812,  402
1418,  928,  888,  812
1419,  887,  813,   88
1420,  899,  892,  813
1421,  897,  814,  885
1422,  814,  221,  732
1423,  888,  815,  401
1424,  900,  891,  815
1425,  898,  816,  886
1426,  816,  268,  734
1427,  817,  605,  632
1428,  825,  817,   90
1429,  818,  620,  629
1430,  828,  818,  292
1431,  819,  610,  625
1432,  826,  819,  197
1433,  820,  615,  627
1434,  827,  820,  399
1435,  821,   87,  607
1436,  821,  608,  781
1437,  822,  269,  612
1438,  822,  613,  782
1439,  823,  402,  617
1440,  823,  618,  783
1441,  824,  220,  622
1442,  824,  623,  784
1443,  825,   91,  785
1444, 1001,  996,   98
1445,  935,  174,  838
1446,  826,  173,  786
1447,  827,  398,  787
1448, 1002,  995,  385
1449,  828,  316,  788
1450, 1004,  990,  291
1451,  829,   87,  821
1452,  835,  829,   86
1453,  940,  833,  294
1454,  830,  269,  822
1455,  836,  831,  403
1456, 1779,  831,  939
1457,  832,  220,  824
1458,  834,  832,  196
1459,  833,  293,  765
1460, 1034,  940,  294
1461,  834,  196,  766
1462, 1032,  937,  195
1463,  835,   86,  763
1464, 1031,  938,   94
1465,  836,  403,  764
1466, 1030,  939,  389
1467,  868,   99,  789
1468,  837,   91,  825
1469,  869,  174,  793
1470,  838,  173,  826
1471,  865,  384,  790
1472,  839,  398,  827
1473,  870,  315,  796
1474,  840,  316,  828
1475,  841,  311,  804
1476,  841,  689,  768
1477,  842,  178,  799
1478,  842,  690,  767
1479,  858,  693,  776
1480,  843,  177,  767
1481,  857,  694,  775
1482,  844,  312,  768
1483,  845,  360,  801
1484,  845,  692,  769
1485,  864,  696,  777
1486,  846,  368,  769
1487,  847,  129,  800
1488,  847,  691,  770
1489,  863,  695,  778
1490,  848,  113,  770
1491, 1133,  849,  296
1492,  849,  681,  771
1493, 1136,  850,  193
1494,  850,  682,  772
1495,  903,  851,  687
1496,  851,  297,  771
1497,  904,  852,  688
1498,  852,  192,  772
1499,  902,  853,  686
1500,  853,  373,  773
1501,  901,  854,  685
1502,  854,  108,  774
1503, 1134,  855,  121
1504,  855,  683,  774
1505, 1135,  856,  381
1506,  856,  684,  773
1507, 1099,  857,  313
1508,  857,  312,  844
1509, 1100,  858,  176
1510,  858,  177,  843
1511,  965,  859,  338
1512,  965,  948,  859
1513,  966,  860,  151
1514,  966,  947,  860
1515,  967,  861,   81
1516,  967,  945,  861
1517,  968,  862,   84
1518,  968,  946,  862
1519, 1101,  863,  116
1520,  863,  113,  848
1521, 1102,  864,  376
1522,  864,  368,  846
1523,  865,  790,  751
1524,  865,  761,  839
1525,  866,   81,  565
1526,  866,  383,  790
1527,  867,   84,  566
1528,  867,  100,  789
1529,  868,  789,  752
1530,  868,  759,  837
1531,  869,  793,  754
1532,  869,  760,  838
1533,  870,  796,  758
1534,  870,  762,  840
1535,  871,  338,  531
1536,  871,  339,  796
1537,  872,  151,  534
1538,  872,  150,  793
1539,  873,  171,  559
1540,  970,  873,  170
1541,  874,   93,  542
1542,  969,  874,   83
1543,  875,  318,  549
1544,  971,  875,  319
1545,  876,  390,  552
1546,  972,  876,   82
1547,  877,  743,  323
1548, 1055,  877,  299
1549,  878,  744,  166
1550, 1056,  878,  190
1551, 1175,  879,  179
1552,  879,  746,  799
1553, 1176,  880,  352
1554,  880,  750,  801
1555, 1177,  881,  137
1556,  881,  749,  800
1557, 1180,  882,  310
1558,  882,  748,  804
1559,  883,  745,  131
1560, 1054,  883,  132
1561,  884,  747,  358
1562, 1053,  884,  357
1563,  885,  245,  811
1564,  897,  885,  246
1565,  886,  244,  810
1566,  898,  886,  243
1567,  887,   88,  809
1568,  899,  887,   96
1569,  888,  401,  812
1570,  900,  888,  387
1571,  925,  889,  222
1572,  889,  221,  814
1573,  926,  890,  267
1574,  890,  268,  816
1575,  931,  891,  386
1576,  891,  400,  815
1577,  932,  892,   97
1578,  892,   89,  813
1579,  893,  763,  753
1580,  893,  792,   94
1581,  894,  764,  757
1582,  894,  795,  389
1583,  895,  765,  755
1584,  895,  794,  294
1585,  896,  766,  756
1586,  896,  791,  195
1587,  999,  897,  246
1588,  897,  222,  889
1589, 1000,  898,  243
1590,  898,  267,  890
1591,  997,  899,   96
1592,  899,   97,  892
1593,  998,  900,  387
1594,  900,  386,  891
1595,  901,  685,  802
1596, 1006,  901,  124
1597,  902,  686,  803
1598, 1005,  902,  365
1599,  903,  687,  797
1600, 1007,  903,  298
1601,  904,  688,  798
1602, 1008,  904,  191
1603,  905,  419,  530
1604,  905,   83,  542
1605,  906,   19,  534
1606,  906,  151,  544
1607,  907,  319,  549
1608,  907,   31,  449
1609,  908,  481,  535
1610,  908,   82,  552
1611,  909,   59,  531
1612,  909,  338,  554
1613,  910,  511,  558
1614,  910,  170,  559
1615,  911,   79,  566
1616,  911,   84,  573
1617,  912,   39,  565
1618,  912,   81,  576
1619,  951,  913,  297
1620, 1802,  849,  913
1621,  952,  914,  192
1622, 1803,  850,  914
1623, 1011,  949,  108
1624, 1804,  855,  915
1625, 1012,  950,  373
1626, 1805,  856,  916
1627,  988,  917,   99
1628,  976,  106,  968
1629,  987,  918,  384
1630,  975,  396,  967
1631,  981,  919,  315
1632,  973,  314,  965
1633,  982,  920,  174
1634,  974,  175,  966
1635,  956,  921,  178
1636,  921,  179,  879
1637, 1014,  954,  360
1638,  922,  352,  880
1639, 1015,  955,  129
1640,  923,  137,  881
1641,  953,  924,  311
1642,  924,  310,  882
1643,  963,  925,  222
1644,  989,  925,  198
1645,  964,  926,  267
1646,  990,  926,  291
1647,  961,  927,   95
1648,  927,   96,  887
1649,  962,  928,  388
1650,  928,  387,  888
1651,  959,  929,  270
1652,  929,  246,  885
1653,  960,  930,  219
1654,  930,  243,  886
1655,  957,  931,  386
1656,  995,  931,  385
1657,  958,  932,   97
1658,  996,  932,   98
1659, 1001,  825,   90
1660, 1035,  933,   98
1661, 1002,  827,  399
1662, 1036,  934,  385
1663, 1003,  826,  197
1664, 1033,  935,  198
1665, 1004,  828,  292
1666, 1029,  936,  291
1667, 1778,  219,  993
1668,  937,  832,  834
1669, 1776,   95,  992
1670,  938,  829,  835
1671, 1779,  388,  991
1672,  939,  831,  836
1673, 1777,  270,  994
1674,  940,  830,  833
1675,  983,  941,  194
1676,  941,  195,  791
1677,  984,  942,  295
1678,  942,  294,  794
1679,  985,  943,  101
1680,  943,   94,  792
1681,  986,  944,  391
1682,  944,  389,  795
1683,  979,  945,  396
1684,  945,  376,  777
1685,  980,  946,  106
1686,  946,  116,  778
1687,  977,  947,  175
1688,  947,  176,  776
1689,  978,  948,  314
1690,  948,  313,  775
1691, 1072,  949, 1011
1692, 1804,  949, 1141
1693, 1073,  950, 1012
1694, 1805,  950, 1142
1695, 1009,  951,  297
1696, 1143,  951, 1074
1697, 1010,  952,  192
1698, 1144,  952, 1075
1699, 1013,  953,  311
1700, 1146,  953, 1082
1701, 1083,  954, 1014
1702, 1796,  922,  954
1703, 1086,  955, 1015
1704, 1795,  923,  955
1705, 1016,  956,  178
1706, 1152,  956, 1087
1707, 1021,  957,  386
1708, 1157,  957, 1093
1709, 1022,  958,   97
1710, 1158,  958, 1094
1711, 1096,  247, 1024
1712,  959,  246,  929
1713, 1159, 1108,  218
1714, 1095,  242, 1023
1715, 1153, 1107,  102
1716, 1089, 1017,  961
1717, 1090, 1018,  962
1718,  962,  387,  928
1719, 1091, 1019,  223
1720,  963,  198,  925
1721, 1020,  964,  267
1722, 1092, 1020,  266
1723,  973,  338,  871
1724,  965,  314,  948
1725,  974,  151,  872
1726,  966,  175,  947
1727,  975,   81,  866
1728,  967,  396,  945
1729,  976,   84,  867
1730,  968,  106,  946
1731, 1041,  969,   83
1732,  969,  101,  943
1733, 1042,  970,  170
1734,  970,  194,  941
1735, 1043,  971,  319
1736,  971,  295,  942
1737, 1044,  972,   82
1738,  972,  391,  944
1739,  973,  871,  919
1740,  973,  919,  314
1741,  974,  872,  920
1742,  974,  920,  175
1743,  975,  866,  918
1744,  975,  918,  396
1745,  976,  867,  917
1746,  976,  917,  106
1747, 1161, 1097,  977
1748, 1097, 1025,  977
1749, 1098, 1026,  978
1750,  978,  313,  948
1751, 1103,  377, 1027
1752,  979,  376,  945
1753,  980,  116,  946
1754, 1167, 1104,  980
1755, 1813, 1109, 1162
1756, 1813,  919,  981
1757, 1033,  982,  174
1758, 1814, 1105, 1161
1759,  983,  195,  941
1760, 1171, 1108,  983
1761, 1172, 1110,  984
1762, 1110, 1034,  984
1763, 1107,   95, 1031
1764,  985,   94,  943
1765, 1106,  388, 1030
1766,  986,  389,  944
1767, 1112, 1036,  385
1768, 1816,  918,  987
1769, 1815,  917,  988
1770, 1035,  988,   99
1771, 1003,  198,  935
1772,  989,  197,  805
1773, 1004,  291,  936
1774,  990,  292,  807
1775, 1779,  991,  402
1776,  991,  388,  928
1777, 1776,  992,   87
1778,  992,   95,  927
1779, 1778,  993,  220
1780,  993,  219,  930
1781, 1777,  994,  269
1782,  994,  270,  929
1783, 1002,  385,  934
1784,  995,  399,  806
1785, 1001,   98,  933
1786,  996,   90,  808
1787, 1017,  997,   96
1788, 1247, 1022,  997
1789, 1018,  998,  387
1790, 1248, 1021,  998
1791, 1246,  999, 1024
1792,  999,  222,  897
1793, 1023, 1000,  243
1794, 1245, 1000, 1023
1795, 1001,  933,  825
1796, 1001,   90,  996
1797, 1002,  934,  827
1798, 1002,  399,  995
1799, 1003,  935,  826
1800, 1003,  197,  989
1801, 1004,  936,  828
1802, 1004,  292,  990
1803, 1251, 1012, 1038
1804, 1005,  373,  853
1805, 1252, 1011, 1037
1806, 1006,  108,  854
1807, 1039, 1007,  298
1808, 1039, 1009, 1007
1809, 1008,  192,  852
1810, 1040, 1008,  191
1811, 1074, 1009,  273
1812, 1009,  297, 1007
1813, 1075, 1010,  216
1814, 1010,  192, 1008
1815, 1072, 1011,  109
1816, 1011,  108, 1006
1817, 1073, 1012,  372
1818, 1012,  373, 1005
1819, 1221, 1081,  312
1820, 1082, 1013,  287
1821, 1313, 1014, 1150
1822, 1083, 1014,  361
1823, 1149,  128, 1015
1824, 1086, 1015,  128
1825, 1224, 1088,  177
1826, 1087, 1016,  202
1827, 1247, 1017,  103
1828, 1017,   96,  961
1829, 1248, 1018,  393
1830, 1018,  387,  962
1831, 1019,  222,  999
1832, 1409, 1091,  223
1833, 1020,  267, 1000
1834, 1408, 1092,  266
1835, 1021,  386,  998
1836, 1413, 1093,  394
1837, 1022,   97,  997
1838, 1412, 1094,  104
1839, 1245, 1023,  242
1840, 1023,  243,  960
1841, 1246, 1024,  247
1842, 1024,  246,  959
1843, 1164, 1100, 1025
1844, 1025,  176,  977
1845, 1163, 1099, 1026
1846, 1026,  313,  978
1847, 1165, 1102, 1027
1848, 1027,  376,  979
1849, 1166, 1101, 1028
1850, 1028,  116,  980
1851, 1029,  315,  936
1852, 1155, 1109,  291
1853, 1030,  388,  939
1854, 1030,  389,  986
1855, 1031,   95,  938
1856, 1031,   94,  985
1857, 1032,  219,  937
1858, 1032,  195,  983
1859, 1033,  174,  935
1860, 1156, 1105,  198
1861, 1034,  270,  940
1862, 1034,  294,  984
1863, 1035,   99,  933
1864, 1158, 1111,   98
1865, 1036,  384,  934
1866, 1157, 1112,  385
1867, 1066, 1037,  124
1868, 1252, 1037,  125
1869, 1065, 1038,  365
1870, 1251, 1038,  364
1871, 1067, 1039,  298
1872, 1250, 1039,  274
1873, 1068, 1040,  191
1874, 1249, 1040,  215
1875, 1114,   83,  530
1876, 1198, 1041, 1134
1877, 1136, 1058,  850
1878, 1042,  194,  970
1879, 1043,  295,  971
1880, 1115,  319,  548
1881, 1044,  391,  972
1882, 1116,   82,  535
1883, 1077, 1045,  324
1884, 1045,  323,  657
1885, 1076, 1046,  165
1886, 1046,  166,  661
1887, 1080, 1047,  351
1888, 1119, 1047,  342
1889, 1079, 1048,  138
1890, 1120, 1048,  147
1891, 1069, 1049,  140
1892, 1049,  131,  680
1893, 1071, 1050,  334
1894, 1122, 1050,  333
1895, 1078, 1051,  155
1896, 1121, 1051,  156
1897, 1070, 1052,  349
1898, 1052,  358,  674
1899, 1137, 1065, 1053
1900, 1053,  365,  803
1901, 1138, 1066, 1054
1902, 1054,  124,  802
1903, 1139, 1055,  299
1904, 1055,  298,  797
1905, 1140, 1056,  190
1906, 1056,  191,  798
1907, 1133, 1061, 1057
1908, 1057,  320,  681
1909, 1136, 1062, 1058
1910, 1058,  169,  682
1911, 1134, 1063, 1059
1912, 1059,  122,  683
1913, 1135, 1064, 1060
1914, 1060,  382,  684
1915, 1115, 1061, 1043
1916, 1061,  320, 1057
1917, 1113, 1062, 1042
1918, 1062,  169, 1058
1919, 1114, 1063, 1041
1920, 1063,  122, 1059
1921, 1116, 1064, 1044
1922, 1064,  382, 1060
1923, 1191, 1065, 1137
1924, 1065,  365, 1053
1925, 1192, 1066, 1138
1926, 1066,  124, 1054
1927, 1139, 1067, 1055
1928, 1787, 1039, 1067
1929, 1140, 1068, 1056
1930, 1788, 1040, 1068
1931, 1069,  131, 1049
1932, 1669, 1230,  140
1933, 1231,  357, 1179
1934, 1070,  358, 1052
1935, 1180, 1071,  334
1936, 1444, 1071, 1232
1937, 1129, 1072,  109
1938, 1141, 1072, 1129
1939, 1130, 1073,  372
1940, 1142, 1073, 1130
1941, 1131, 1074,  273
1942, 1143, 1074, 1131
1943, 1132, 1075,  216
1944, 1144, 1075, 1132
1945, 1668, 1225,  165
1946, 1225, 1173, 1076
1947, 1671, 1226,  324
1948, 1226, 1174, 1077
1949, 1078,  156, 1051
1950, 1175, 1078,  155
1951, 1177, 1079,  138
1952, 1283, 1177,  137
1953, 1282, 1176,  352
1954, 1080,  342, 1047
1955, 1081,  311,  841
1956, 1221, 1205,  288
1957, 1125, 1082,  287
1958, 1146, 1082, 1125
1959, 1127, 1083,  361
1960, 1147, 1083, 1127
1961, 1084,  360,  845
1962, 1223, 1207,  369
1963, 1085,  129,  847
1964, 1222, 1208,  112
1965, 1126, 1086,  128
1966, 1148, 1086, 1126
1967, 1128, 1087,  202
1968, 1152, 1087, 1128
1969, 1088,  178,  842
1970, 1224, 1206,  201
1971, 1153,  961,   95
1972, 1395, 1089,  102
1973, 1154,  962,  388
1974, 1394, 1090,  392
1975, 1156,  199, 1105
1976, 1091,  963, 1019
1977, 1155,  290, 1109
1978, 1092,  964, 1020
1979, 1157,  395, 1112
1980, 1093,  957, 1021
1981, 1158,  105, 1111
1982, 1094,  958, 1022
1983, 1159,  960,  219
1984, 1392, 1095,  218
1985, 1160,  959,  270
1986, 1393, 1096,  271
1987, 1161,  977,  175
1988, 1316, 1097,  199
1989, 1162,  978,  314
1990, 1315, 1098,  290
1991, 1205, 1099, 1163
1992, 1099,  312,  857
1993, 1206, 1100, 1164
1994, 1100,  177,  858
1995, 1208, 1101, 1166
1996, 1101,  113,  863
1997, 1207, 1102, 1165
1998, 1102,  368,  864
1999, 1168,  979,  396
2000, 1322, 1103,  395
2001, 1167,  980,  106
2002, 1321, 1104,  105
2003, 1161, 1105,  199
2004, 1105,  982, 1033
2005, 1169,  986,  391
2006, 1154,  392, 1090
2007, 1170,  985,  101
2008, 1153,  102, 1089
2009, 1171,  983,  194
2010, 1159,  218, 1095
2011, 1162, 1109,  290
2012, 1109,  981, 1029
2013, 1172,  984,  295
2014, 1160,  271, 1096
2015, 1167, 1111,  105
2016, 1111,  988, 1035
2017, 1168, 1112,  395
2018, 1112,  987, 1036
2019, 1113, 1042,  170
2020, 1113,  558,  709
2021, 1114, 1041,   83
2022, 1114,  530,  700
2023, 1115, 1043,  319
2024, 1115,  548,  702
2025, 1116, 1044,   82
2026, 1116,  535,  707
2027, 1239,  341, 1187
2028, 1117,  324, 1045
2029, 1240,  148, 1188
2030, 1118,  165, 1046
2031, 1187, 1119,  342
2032, 1119,  341,  667
2033, 1188, 1120,  147
2034, 1120,  148,  668
2035, 1233, 1186,  139
2036, 1121,  139,  677
2037, 1185, 1122,  333
2038, 1122,  350,  676
2039, 1186, 1123,  139
2040, 1123,  140, 1049
2041, 1238,  350, 1185
2042, 1124,  349, 1052
2043, 1209, 1125,  287
2044, 1389, 1125, 1261
2045, 1263, 1211,  127
2046, 1148, 1126,  136
2047, 1210, 1127,  361
2048, 1264, 1210,  362
2049, 1212, 1128,  202
2050, 1388, 1128, 1267
2051, 1275, 1217,  110
2052, 1141, 1129,  120
2053, 1276, 1218,  371
2054, 1142, 1130,  380
2055, 1219, 1131,  273
2056, 1396, 1131, 1274
2057, 1220, 1132,  216
2058, 1397, 1132, 1273
2059, 1197, 1196,  295
2060, 1133, 1043, 1061
2061, 1198, 1194,  101
2062, 1134, 1041, 1063
2063, 1199, 1193,  391
2064, 1135, 1044, 1064
2065, 1200, 1195,  194
2066, 1136, 1042, 1062
2067, 1204, 1137,  357
2068, 1204, 1191, 1137
2069, 1203, 1138,  132
2070, 1203, 1192, 1138
2071, 1201, 1139,  299
2072, 1201, 1189, 1139
2073, 1202, 1140,  190
2074, 1202, 1190, 1140
2075, 1241, 1194, 1198
2076, 1804, 1141,  121
2077, 1242, 1193, 1199
2078, 1805, 1142,  381
2079, 1243, 1196, 1197
2080, 1802, 1143,  296
2081, 1244, 1195, 1200
2082, 1803, 1144,  193
2083, 1312, 1262,  287
2084, 1145, 1013, 1081
2085, 1237, 1146,  286
2086, 1797, 1146, 1237
2087, 1235, 1147,  353
2088, 1796, 1147, 1235
2089, 1234, 1148,  136
2090, 1795, 1148, 1234
2091, 1266, 1149,  112
2092, 1149, 1015, 1085
2093, 1313, 1265,  361
2094, 1150, 1014, 1084
2095, 1314, 1268,  202
2096, 1151, 1016, 1088
2097, 1236, 1152,  203
2098, 1794, 1152, 1236
2099, 1153, 1089,  961
2100, 1153,   95, 1107
2101, 1154, 1090,  962
2102, 1154,  388, 1106
2103, 1155,  291,  964
2104, 1155, 1092,  290
2105, 1156,  198,  963
2106, 1156, 1091,  199
2107, 1157,  385,  957
2108, 1157, 1093,  395
2109, 1158,   98,  958
2110, 1158, 1094,  105
2111, 1159, 1095,  960
2112, 1159,  219, 1108
2113, 1160, 1096,  959
2114, 1160,  270, 1110
2115, 1814, 1161,  175
2116, 1161,  199, 1097
2117, 1813, 1162,  314
2118, 1162,  290, 1098
2119, 1213, 1163,  289
2120, 1205, 1163,  288
2121, 1214, 1164,  200
2122, 1206, 1164,  201
2123, 1215, 1165,  377
2124, 1207, 1165,  369
2125, 1216, 1166,  117
2126, 1208, 1166,  112
2127, 1815, 1167,  106
2128, 1167,  105, 1104
2129, 1816, 1168,  396
2130, 1168,  395, 1103
2131, 1193, 1169,  391
2132, 1460, 1106, 1169
2133, 1194, 1170,  101
2134, 1459, 1107, 1170
2135, 1200,  194, 1042
2136, 1458, 1108, 1171
2137, 1197,  295, 1043
2138, 1457, 1110, 1172
2139, 1173,  190,  878
2140, 1173,  166, 1076
2141, 1174,  299,  877
2142, 1174,  323, 1077
2143, 1175,  155,  879
2144, 1281, 1227, 1175
2145, 1176,  351,  880
2146, 1282, 1228, 1176
2147, 1177,  138,  881
2148, 1283, 1229, 1177
2149, 1178,  132,  883
2150, 1178,  131, 1069
2151, 1179,  357,  884
2152, 1179,  358, 1070
2153, 1180,  334,  882
2154, 1284, 1232, 1180
2155, 1181,   35,  456
2156, 1181,  456,  667
2157, 1182,  518,  668
2158, 1182,  148,  666
2159, 1183,   15,  677
2160, 1183,  139,  670
2161, 1184,   55,  676
2162, 1184,  350,  669
2163, 1185,  350, 1122
2164, 1309, 1253, 1185
2165, 1233,  139, 1121
2166, 1789, 1186, 1254
2167, 1310, 1255, 1187
2168, 1255, 1239, 1187
2169, 1311, 1256, 1188
2170, 1256, 1240, 1188
2171, 1297, 1189,  275
2172, 1787, 1189, 1297
2173, 1298, 1190,  214
2174, 1788, 1190, 1298
2175, 1299, 1191,  356
2176, 1785, 1191, 1299
2177, 1300, 1192,  133
2178, 1786, 1192, 1300
2179, 1199,  391, 1044
2180, 1290, 1193, 1242
2181, 1198,  101, 1041
2182, 1289, 1194, 1241
2183, 1244,  193, 1144
2184, 1458, 1195, 1292
2185, 1243,  296, 1143
2186, 1457, 1196, 1291
2187, 1197, 1133,  296
2188, 1243, 1197,  296
2189, 1198, 1134,  121
2190, 1241, 1198,  121
2191, 1199, 1135,  381
2192, 1242, 1199,  381
2193, 1200, 1136,  193
2194, 1244, 1200,  193
2195, 1257, 1201,  299
2196, 1620, 1257,  300
2197, 1202,  214, 1190
2198, 1258, 1202,  190
2199, 1302, 1203, 1259
2200, 1203,  133, 1192
2201, 1260, 1204,  357
2202, 1301, 1204, 1260
2203, 1221,  288, 1145
2204, 1205,  312, 1099
2205, 1224,  201, 1151
2206, 1206,  177, 1100
2207, 1223,  369, 1150
2208, 1207,  368, 1102
2209, 1222,  112, 1149
2210, 1208,  113, 1101
2211, 1312,  287, 1013
2212, 1473, 1261,  263
2213, 1313,  361, 1014
2214, 1474, 1264,  362
2215, 1266,  128, 1149
2216, 1475, 1263,  127
2217, 1314,  202, 1016
2218, 1476, 1267,  226
2219, 1382, 1213, 1318
2220, 1213,  288, 1163
2221, 1270, 1214,  200
2222, 1383, 1214, 1317
2223, 1319, 1272,  378
2224, 1215,  369, 1165
2225, 1320, 1271,  118
2226, 1216,  112, 1166
2227, 1277,  109, 1252
2228, 1469, 1275,  110
2229, 1278,  372, 1251
2230, 1470, 1276,  371
2231, 1279,  273, 1250
2232, 1471, 1274,  249
2233, 1280,  216, 1249
2234, 1472, 1273,  240
2235, 1221, 1145, 1081
2236, 1221,  312, 1205
2237, 1222, 1149, 1085
2238, 1222,  113, 1208
2239, 1223, 1150, 1084
2240, 1223,  368, 1207
2241, 1224, 1151, 1088
2242, 1224,  177, 1206
2243, 1225, 1076,  165
2244, 1258, 1225,  189
2245, 1226, 1077,  324
2246, 1257, 1226,  300
2247, 1780,  180, 1653
2248, 1227, 1078, 1175
2249, 1442, 1376,  342
2250, 1228, 1080, 1176
2251, 1443, 1375,  147
2252, 1229, 1079, 1177
2253, 1230, 1069,  140
2254, 1259, 1230,  141
2255, 1231, 1070,  349
2256, 1260, 1231,  348
2257, 1491, 1444,  309
2258, 1232, 1071, 1180
2259, 1233, 1121,  156
2260, 1821,  156, 1653
2261, 1307, 1283,  137
2262, 1795, 1234,  137
2263, 1796, 1235,  352
2264, 1286, 1235,  353
2265, 1342, 1308, 1236
2266, 1794, 1236,  179
2267, 1797, 1237,  310
2268, 1288, 1237,  286
2269, 1238,  349, 1124
2270, 1238, 1124,  350
2271, 1239,  324, 1117
2272, 1239, 1117,  341
2273, 1240,  165, 1118
2274, 1240, 1118,  148
2275, 1241, 1141,  120
2276, 1289, 1241,  120
2277, 1242, 1142,  380
2278, 1290, 1242,  380
2279, 1243, 1143,  272
2280, 1291, 1243,  272
2281, 1244, 1144,  217
2282, 1292, 1244,  217
2283, 1295, 1245,  242
2284, 1245,  266, 1020
2285, 1296, 1246,  247
2286, 1246,  223, 1019
2287, 1293, 1247,  103
2288, 1247,  104, 1022
2289, 1294, 1248,  393
2290, 1248,  394, 1021
2291, 1280, 1249,  215
2292, 1249,  216, 1010
2293, 1279, 1250,  274
2294, 1250,  273, 1009
2295, 1278, 1251,  364
2296, 1251,  372, 1012
2297, 1277, 1252,  125
2298, 1252,  109, 1011
2299, 1309, 1185,  333
2300, 1806,  332, 1683
2301, 1789, 1254,  157
2302, 1254, 1186, 1233
2303, 1310, 1187,  342
2304, 1693,  325, 1597
2305, 1311, 1188,  147
2306, 1692,  164, 1596
2307, 1257,  299, 1226
2308, 1620, 1304, 1257
2309, 1258,  190, 1225
2310, 1623, 1303, 1258
2311, 1259,  132, 1230
2312, 1621, 1302, 1259
2313, 1260,  357, 1231
2314, 1622, 1301, 1260
2315, 1389,  262, 1326
2316, 1261, 1125, 1209
2317, 1367, 1262,  288
2318, 1367, 1350, 1262
2319, 1387,  135, 1324
2320, 1263, 1126, 1211
2321, 1386,  354, 1323
2322, 1264, 1127, 1210
2323, 1368, 1265,  369
2324, 1368, 1349, 1265
2325, 1369, 1266,  112
2326, 1369, 1348, 1266
2327, 1388,  227, 1325
2328, 1267, 1128, 1212
2329, 1370, 1268,  201
2330, 1370, 1347, 1268
2331, 1315,  289, 1098
2332, 1520, 1489,  264
2333, 1316,  200, 1097
2334, 1521, 1490,  225
2335, 1321,  117, 1104
2336, 1518, 1487,  111
2337, 1322,  377, 1103
2338, 1519, 1488,  370
2339, 1450, 1397,  241
2340, 1273, 1132, 1220
2341, 1449, 1396,  248
2342, 1274, 1131, 1219
2343, 1451, 1390,  119
2344, 1275, 1129, 1217
2345, 1452, 1391,  379
2346, 1276, 1130, 1218
2347, 1363,  125, 1358
2348, 1363, 1358,  126
2349, 1364,  364, 1357
2350, 1364, 1357,  363
2351, 1365,  274, 1355
2352, 1365, 1355,  250
2353, 1366,  215, 1356
2354, 1366, 1356,  239
2355, 1308,  179, 1236
2356, 1281,  180, 1227
2357, 1306,  352, 1235
2358, 1282,  343, 1228
2359, 1307,  137, 1234
2360, 1283,  146, 1229
2361, 1305,  310, 1237
2362, 1284,  309, 1232
2363, 1387, 1324,  136
2364, 1341,  146, 1307
2365, 1386, 1323,  353
2366, 1340,  343, 1306
2367, 1388, 1325,  203
2368, 1342,  180, 1308
2369, 1389, 1326,  286
2370, 1557, 1305, 1339
2371, 1390, 1327,  120
2372, 1459, 1289,  102
2373, 1391, 1328,  380
2374, 1460, 1290,  392
2375, 1396, 1329,  272
2376, 1457, 1291,  271
2377, 1397, 1330,  217
2378, 1458, 1292,  218
2379, 1343, 1293,  103
2380, 1410, 1293, 1343
2381, 1344, 1294,  393
2382, 1411, 1294, 1344
2383, 1406, 1359, 1295
2384, 1295,  266, 1245
2385, 1407, 1360, 1296
2386, 1296,  223, 1246
2387, 1787, 1297,  274
2388, 1332, 1297,  275
2389, 1403, 1298, 1331
2390, 1788, 1298,  215
2391, 1404, 1357, 1299
2392, 1785, 1299,  364
2393, 1405, 1358, 1300
2394, 1786, 1300,  125
2395, 1335, 1301,  347
2396, 1301,  356, 1204
2397, 1336, 1302,  142
2398, 1302,  133, 1203
2399, 1337, 1303,  213
2400, 1303,  214, 1202
2401, 1338, 1304,  276
2402, 1304,  275, 1201
2403, 1339, 1237, 1288
2404, 1305,  309, 1284
2405, 1340, 1235, 1286
2406, 1306,  343, 1282
2407, 1341, 1234, 1285
2408, 1307,  146, 1283
2409, 1342, 1236, 1287
2410, 1308,  180, 1281
2411, 1377, 1309,  333
2412, 1309,  332, 1253
2413, 1442,  342, 1080
2414, 1310,  325, 1255
2415, 1443,  147, 1079
2416, 1311,  164, 1256
2417, 1312, 1145,  288
2418, 1312,  288, 1262
2419, 1313, 1150,  369
2420, 1313,  369, 1265
2421, 1314, 1151,  201
2422, 1314,  201, 1268
2423, 1408,  290, 1092
2424, 1417, 1359,  265
2425, 1409,  199, 1091
2426, 1416, 1360,  224
2427, 1383,  225, 1370
2428, 1317, 1214, 1270
2429, 1382,  264, 1367
2430, 1318, 1213, 1269
2431, 1385,  370, 1368
2432, 1319, 1215, 1272
2433, 1384,  111, 1369
2434, 1320, 1216, 1271
2435, 1412,  105, 1094
2436, 1415, 1361,  118
2437, 1413,  395, 1093
2438, 1414, 1362,  378
2439, 1427, 1323,  354
2440, 1427, 1420, 1323
2441, 1428, 1324,  135
2442, 1428, 1419, 1324
2443, 1429, 1325,  227
2444, 1429, 1418, 1325
2445, 1426, 1326,  262
2446, 1426, 1421, 1326
2447, 1451, 1343, 1398
2448, 1451, 1398, 1327
2449, 1452, 1344, 1399
2450, 1452, 1399, 1328
2451, 1449, 1345, 1400
2452, 1449, 1400, 1329
2453, 1450, 1346, 1401
2454, 1450, 1401, 1330
2455, 1337,  214, 1303
2456, 1403,  239, 1356
2457, 1338,  275, 1304
2458, 1402,  250, 1355
2459, 1335,  356, 1301
2460, 1404,  363, 1357
2461, 1336,  133, 1302
2462, 1405,  126, 1358
2463, 1454, 1335,  347
2464, 1454, 1423, 1335
2465, 1453, 1336,  142
2466, 1453, 1422, 1336
2467, 1456, 1337,  213
2468, 1424, 1331, 1337
2469, 1455, 1338,  276
2470, 1425, 1332, 1338
2471, 1339, 1288,  285
2472, 1557,  285, 1502
2473, 1340, 1286,  344
2474, 1504, 1340,  344
2475, 1341, 1285,  145
2476, 1507, 1341,  145
2477, 1342, 1287,  204
2478, 1509, 1342,  204
2479, 1398, 1395, 1327
2480, 1410,  118, 1361
2481, 1399, 1394, 1328
2482, 1411,  378, 1362
2483, 1400, 1393, 1329
2484, 1407,  224, 1360
2485, 1401, 1392, 1330
2486, 1406,  265, 1359
2487, 1381, 1347,  225
2488, 1347,  226, 1212
2489, 1379, 1348,  111
2490, 1348,  127, 1211
2491, 1380, 1349,  370
2492, 1349,  362, 1210
2493, 1378, 1350,  264
2494, 1350,  263, 1209
2495, 1373, 1351,  239
2496, 1351,  240, 1220
2497, 1374, 1352,  250
2498, 1352,  249, 1219
2499, 1371, 1353,  126
2500, 1353,  110, 1217
2501, 1372, 1354,  363
2502, 1354,  371, 1218
2503, 1365,  250, 1352
2504, 1355,  274, 1297
2505, 1366,  239, 1351
2506, 1356,  215, 1298
2507, 1364,  363, 1354
2508, 1357,  364, 1299
2509, 1363,  126, 1353
2510, 1358,  125, 1300
2511, 1417, 1408, 1359
2512, 1359,  266, 1295
2513, 1416, 1409, 1360
2514, 1360,  223, 1296
2515, 1415, 1412, 1361
2516, 1361,  104, 1293
2517, 1414, 1413, 1362
2518, 1362,  394, 1294
2519, 1363, 1353, 1277
2520, 1363, 1277,  125
2521, 1364, 1354, 1278
2522, 1364, 1278,  364
2523, 1365, 1352, 1279
2524, 1365, 1279,  274
2525, 1366, 1351, 1280
2526, 1366, 1280,  215
2527, 1382, 1367,  288
2528, 1367,  264, 1350
2529, 1385, 1368,  369
2530, 1368,  370, 1349
2531, 1384, 1369,  112
2532, 1369,  111, 1348
2533, 1383, 1370,  201
2534, 1370,  225, 1347
2535, 1447, 1371,  126
2536, 1371,  110, 1353
2537, 1446, 1372,  363
2538, 1372,  371, 1354
2539, 1373,  240, 1351
2540, 1445, 1378, 1373
2541, 1448, 1381, 1374
2542, 1441, 1374, 1381
2543, 1477, 1375, 1443
2544, 1375,  164, 1311
2545, 1478, 1376, 1442
2546, 1376,  325, 1310
2547, 1444, 1377,  333
2548, 1496, 1377, 1491
2549, 1378,  263, 1350
2550, 1440, 1378,  264
2551, 1379,  127, 1348
2552, 1438, 1379,  111
2553, 1380,  362, 1349
2554, 1439, 1380,  370
2555, 1381,  226, 1347
2556, 1441, 1381,  225
2557, 1382,  288, 1213
2558, 1382, 1318,  264
2559, 1383,  201, 1214
2560, 1383, 1317,  225
2561, 1384,  112, 1216
2562, 1384, 1320,  111
2563, 1385,  369, 1215
2564, 1385, 1319,  370
2565, 1386,  353, 1127
2566, 1386, 1264,  354
2567, 1387,  136, 1126
2568, 1387, 1263,  135
2569, 1388,  203, 1128
2570, 1388, 1267,  227
2571, 1389,  286, 1125
2572, 1389, 1261,  262
2573, 1390,  120, 1129
2574, 1390, 1275,  119
2575, 1391,  380, 1130
2576, 1391, 1276,  379
2577, 1401, 1095, 1392
2578, 1392,  218, 1292
2579, 1400, 1096, 1393
2580, 1393,  271, 1291
2581, 1399, 1090, 1394
2582, 1394,  392, 1290
2583, 1398, 1089, 1395
2584, 1395,  102, 1289
2585, 1396,  272, 1131
2586, 1396, 1274,  248
2587, 1397,  217, 1132
2588, 1397, 1273,  241
2589, 1398, 1343,  103
2590, 1398,  103, 1089
2591, 1399, 1344,  393
2592, 1399,  393, 1090
2593, 1400, 1345,  247
2594, 1400,  247, 1096
2595, 1401, 1346,  242
2596, 1401,  242, 1095
2597, 1402, 1332,  251
2598, 1514, 1483,  250
2599, 1403, 1331,  238
2600, 1517, 1486,  239
2601, 1404, 1333,  355
2602, 1516, 1485,  363
2603, 1405, 1334,  134
2604, 1515, 1484,  126
2605, 1406, 1346,  241
2606, 1493,  241, 1472
2607, 1407, 1345,  248
2608, 1492,  248, 1471
2609, 1408, 1315,  290
2610, 1408,  266, 1359
2611, 1409, 1316,  199
2612, 1409,  223, 1360
2613, 1410, 1343,  119
2614, 1494,  119, 1469
2615, 1411, 1344,  379
2616, 1495,  379, 1470
2617, 1412, 1321,  105
2618, 1412,  104, 1361
2619, 1413, 1322,  395
2620, 1413,  394, 1362
2621, 1414,  378, 1272
2622, 1414, 1322, 1413
2623, 1415,  118, 1271
2624, 1415, 1321, 1412
2625, 1416,  224, 1270
2626, 1416, 1316, 1409
2627, 1417,  265, 1269
2628, 1417, 1315, 1408
2629, 1437, 1418, 1429
2630, 1418,  204, 1287
2631, 1436, 1419, 1428
2632, 1419,  145, 1285
2633, 1435, 1420, 1427
2634, 1420,  344, 1286
2635, 1434, 1421, 1426
2636, 1421,  285, 1288
2637, 1453, 1432, 1422
2638, 1422,  134, 1334
2639, 1454, 1433, 1423
2640, 1423,  355, 1333
2641, 1456, 1430, 1424
2642, 1424,  238, 1331
2643, 1455, 1431, 1425
2644, 1425,  251, 1332
2645, 1479,  262, 1461
2646, 1434, 1426,  261
2647, 1481,  354, 1464
2648, 1435, 1427,  345
2649, 1480,  135, 1463
2650, 1436, 1428,  144
2651, 1482,  227, 1462
2652, 1437, 1429,  228
2653, 1510, 1479, 1430
2654, 1510, 1430,  237
2655, 1513, 1431,  252
2656, 1431,  251, 1425
2657, 1480, 1463, 1432
2658, 1432,  134, 1422
2659, 1481, 1464, 1433
2660, 1433,  355, 1423
2661, 1434,  285, 1421
2662, 1526, 1503, 1434
2663, 1435,  344, 1420
2664, 1530, 1505, 1435
2665, 1528, 1506, 1436
2666, 1506, 1467, 1436
2667, 1533, 1508, 1437
2668, 1508,  205, 1468
2669, 1487, 1469, 1438
2670, 1438,  110, 1371
2671, 1488, 1470, 1439
2672, 1439,  371, 1372
2673, 1489, 1472, 1440
2674, 1440,  240, 1373
2675, 1490, 1471, 1441
2676, 1441,  249, 1374
2677, 1442, 1228,  343
2678, 1478, 1442,  343
2679, 1443, 1229,  146
2680, 1477, 1443,  146
2681, 1444,  333, 1071
2682, 1444, 1232,  309
2683, 1486, 1473, 1445
2684, 1445,  263, 1378
2685, 1485, 1474, 1446
2686, 1446,  362, 1380
2687, 1484, 1475, 1447
2688, 1447,  127, 1379
2689, 1483, 1476, 1448
2690, 1448,  226, 1381
2691, 1449, 1329, 1396
2692, 1449,  248, 1345
2693, 1450, 1330, 1397
2694, 1450,  241, 1346
2695, 1451, 1327, 1390
2696, 1451,  119, 1343
2697, 1452, 1328, 1391
2698, 1452,  379, 1344
2699, 1564, 1553,  143
2700, 1453,  143, 1432
2701, 1565, 1552,  346
2702, 1454,  346, 1433
2703, 1563, 1551,  252
2704, 1455,  252, 1431
2705, 1566, 1554,  237
2706, 1456,  237, 1430
2707, 1457,  271, 1110
2708, 1457, 1172, 1196
2709, 1458,  218, 1108
2710, 1458, 1171, 1195
2711, 1459,  102, 1107
2712, 1459, 1170, 1194
2713, 1460,  392, 1106
2714, 1460, 1169, 1193
2715, 1524, 1473, 1486
2716, 1461,  238, 1430
2717, 1525, 1476, 1483
2718, 1462,  251, 1431
2719, 1522, 1475, 1484
2720, 1463,  134, 1432
2721, 1523, 1474, 1485
2722, 1464,  355, 1433
2723, 1768, 1497, 1527
2724, 1465,  285, 1434
2725, 1770, 1529, 1547
2726, 1466,  344, 1435
2727, 1769, 1531, 1548
2728, 1467,  145, 1436
2729, 1532, 1509, 1468
2730, 1468,  204, 1437
2731, 1518, 1494, 1487
2732, 1469,  119, 1275
2733, 1519, 1495, 1488
2734, 1470,  379, 1276
2735, 1521, 1492, 1490
2736, 1471,  248, 1274
2737, 1520, 1493, 1489
2738, 1472,  241, 1273
2739, 1473,  262, 1261
2740, 1486, 1445,  239
2741, 1474,  354, 1264
2742, 1485, 1446,  363
2743, 1475,  135, 1263
2744, 1484, 1447,  126
2745, 1476,  227, 1267
2746, 1483, 1448,  250
2747, 1500, 1477,  146
2748, 1498, 1477,  163
2749, 1501, 1478,  343
2750, 1499, 1478,  326
2751, 1479,  261, 1426
2752, 1479, 1426,  262
2753, 1480,  144, 1428
2754, 1480, 1428,  135
2755, 1481,  345, 1427
2756, 1481, 1427,  354
2757, 1482,  228, 1429
2758, 1482, 1429,  227
2759, 1514,  250, 1402
2760, 1525,  251, 1462
2761, 1515,  126, 1405
2762, 1522,  134, 1463
2763, 1516,  363, 1404
2764, 1523,  355, 1464
2765, 1517,  239, 1403
2766, 1524,  238, 1461
2767, 1518,  111, 1320
2768, 1494,  118, 1410
2769, 1519,  370, 1319
2770, 1495,  378, 1411
2771, 1520,  264, 1318
2772, 1493,  265, 1406
2773, 1521,  225, 1317
2774, 1492,  224, 1407
2775, 1497, 1491,  309
2776, 1497, 1496, 1491
2777, 1492, 1407,  248
2778, 1492, 1471, 1490
2779, 1493, 1406,  241
2780, 1493, 1472, 1489
2781, 1494, 1410,  119
2782, 1494, 1469, 1487
2783, 1495, 1411,  379
2784, 1495, 1470, 1488
2785, 1538, 1496,  308
2786, 1496,  332, 1377
2787, 1497,  308, 1496
2788, 1557, 1502, 1497
2789, 1543, 1498,  163
2790, 1498,  164, 1375
2791, 1544, 1499,  326
2792, 1499,  325, 1376
2793, 1500,  163, 1477
2794, 1500,  146, 1341
2795, 1501,  326, 1478
2796, 1501,  343, 1340
2797, 1502,  285, 1465
2798, 1527, 1465,  284
2799, 1526, 1434,  261
2800, 1589, 1574,  284
2801, 1504,  344, 1466
2802, 1529, 1466,  327
2803, 1530, 1435,  345
2804, 1590, 1576,  327
2805, 1528, 1436,  144
2806, 1591, 1575,  162
2807, 1507,  145, 1467
2808, 1531, 1467,  162
2809, 1533, 1437,  228
2810, 1593, 1578,  205
2811, 1545, 1509, 1532
2812, 1509,  180, 1342
2813, 1542, 1534, 1510
2814, 1510,  261, 1479
2815, 1540, 1535, 1511
2816, 1511,  144, 1480
2817, 1541, 1536, 1512
2818, 1512,  345, 1481
2819, 1539, 1537, 1513
2820, 1513,  228, 1482
2821, 1514, 1402,  251
2822, 1525, 1514,  251
2823, 1515, 1405,  134
2824, 1522, 1515,  134
2825, 1516, 1404,  355
2826, 1523, 1516,  355
2827, 1517, 1403,  238
2828, 1524, 1517,  238
2829, 1518, 1320,  118
2830, 1518,  118, 1494
2831, 1519, 1319,  378
2832, 1519,  378, 1495
2833, 1520, 1318,  265
2834, 1520,  265, 1493
2835, 1521, 1317,  224
2836, 1521,  224, 1492
2837, 1522, 1463,  135
2838, 1522,  135, 1475
2839, 1523, 1464,  354
2840, 1523,  354, 1474
2841, 1524, 1461,  262
2842, 1524,  262, 1473
2843, 1525, 1462,  227
2844, 1525,  227, 1476
2845, 1534,  261, 1510
2846, 1526,  260, 1503
2847, 1546, 1527,  284
2848, 1527, 1497, 1502
2849, 1535,  144, 1511
2850, 1528,  161, 1506
2851, 1547, 1529,  327
2852, 1529, 1501, 1504
2853, 1536,  345, 1512
2854, 1530,  328, 1505
2855, 1548, 1531,  162
2856, 1531, 1500, 1507
2857, 1549, 1532,  205
2858, 1545, 1532,  181
2859, 1537,  228, 1513
2860, 1533,  229, 1508
2861, 1542, 1510,  237
2862, 1534,  260, 1526
2863, 1540, 1511,  143
2864, 1535,  161, 1528
2865, 1541, 1512,  346
2866, 1536,  328, 1530
2867, 1539, 1513,  252
2868, 1537,  229, 1533
2869, 1562, 1550,  307
2870, 1538,  332, 1496
2871, 1551, 1539,  252
2872, 1791, 1539,  253
2873, 1553, 1540,  143
2874, 1735,  160, 1732
2875, 1552, 1541,  346
2876, 1734,  329, 1731
2877, 1554, 1542,  237
2878, 1790, 1542,  236
2879, 1555, 1543,  163
2880, 1579, 1543, 1567
2881, 1544,  325, 1499
2882, 1556, 1544,  326
2883, 1632,  181, 1619
2884, 1545,  180, 1509
2885, 1573, 1558,  283
2886, 1768, 1546,  308
2887, 1770, 1547,  326
2888, 1559, 1547,  327
2889, 1560, 1548,  162
2890, 1584, 1548, 1560
2891, 1549,  181, 1532
2892, 1561, 1549,  205
2893, 1550,  308, 1546
2894, 1710, 1689,  331
2895, 1563,  252, 1455
2896, 1763, 1551, 1571
2897, 1585, 1565,  347
2898, 1552,  329, 1541
2899, 1586, 1564,  142
2900, 1553,  160, 1540
2901, 1566,  237, 1456
2902, 1762, 1554, 1572
2903, 1555,  163, 1548
2904, 1567, 1555,  187
2905, 1556,  326, 1547
2906, 1568, 1556,  302
2907, 1557,  309, 1305
2908, 1557, 1339,  285
2909, 1589,  284, 1503
2910, 1775,  283, 1633
2911, 1590,  327, 1505
2912, 1772, 1583,  303
2913, 1591,  162, 1506
2914, 1771, 1584,  186
2915, 1593,  205, 1508
2916, 1774,  206, 1637
2917, 1773,  331, 1761
2918, 1562, 1538, 1550
2919, 1563, 1455,  276
2920, 1587, 1571, 1563
2921, 1564, 1453,  142
2922, 1586, 1570, 1564
2923, 1565, 1454,  347
2924, 1585, 1569, 1565
2925, 1566, 1456,  213
2926, 1588, 1572, 1566
2927, 1581, 1567,  187
2928, 1579, 1567,  188
2929, 1582, 1568,  302
2930, 1580, 1568,  301
2931, 1755,  330, 1742
2932, 1569, 1552, 1565
2933, 1754,  159, 1743
2934, 1570, 1553, 1564
2935, 1763,  277, 1697
2936, 1571, 1551, 1563
2937, 1762,  212, 1696
2938, 1572, 1554, 1566
2939, 1573,  307, 1550
2940, 1573, 1546, 1558
2941, 1607, 1574, 1589
2942, 1607, 1601, 1574
2943, 1609, 1575, 1591
2944, 1609, 1599, 1575
2945, 1608, 1576, 1590
2946, 1608, 1600, 1576
2947, 1592, 1577,  182
2948, 1577, 1549, 1561
2949, 1610, 1578, 1593
2950, 1610, 1598, 1578
2951, 1647,  188, 1643
2952, 1579,  164, 1543
2953, 1650,  301, 1646
2954, 1580,  325, 1544
2955, 1594, 1581,  187
2956, 1688, 1581, 1616
2957, 1582,  301, 1568
2958, 1595, 1582,  302
2959, 1583,  302, 1556
2960, 1583, 1556, 1547
2961, 1584,  187, 1555
2962, 1584, 1555, 1548
2963, 1622, 1605,  347
2964, 1782, 1569, 1585
2965, 1621, 1604,  142
2966, 1783, 1570, 1586
2967, 1603, 1587,  276
2968, 1781, 1571, 1587
2969, 1606, 1588,  213
2970, 1784, 1572, 1588
2971, 1589, 1503,  260
2972, 1607, 1589,  260
2973, 1590, 1505,  328
2974, 1608, 1590,  328
2975, 1591, 1506,  161
2976, 1609, 1591,  161
2977, 1733, 1592,  182
2978, 1592,  181, 1549
2979, 1593, 1508,  229
2980, 1610, 1593,  229
2981, 1617,  187, 1584
2982, 1672, 1616,  211
2983, 1618,  302, 1583
2984, 1673, 1615,  278
2985, 1668, 1596, 1647
2986, 1596,  164, 1579
2987, 1671, 1597, 1650
2988, 1597,  325, 1580
2989, 1614, 1598,  230
2990, 1598,  206, 1561
2991, 1613, 1599,  185
2992, 1599,  186, 1560
2993, 1612, 1600,  304
2994, 1600,  303, 1559
2995, 1611, 1601,  259
2996, 1601,  283, 1558
2997, 1733, 1711, 1720
2998, 1824, 1619, 1602
2999, 1620, 1603,  276
3000, 1646, 1603, 1642
3001, 1641, 1604, 1621
3002, 1783, 1604, 1644
3003, 1640, 1605, 1622
3004, 1782, 1605, 1645
3005, 1623, 1606,  213
3006, 1643, 1606, 1639
3007, 1700, 1676,  259
3008, 1607,  259, 1601
3009, 1702, 1677,  304
3010, 1608,  304, 1600
3011, 1701, 1678,  185
3012, 1609,  185, 1599
3013, 1703, 1679,  230
3014, 1610,  230, 1598
3015, 1634,  282, 1624
3016, 1611,  283, 1601
3017, 1657, 1635, 1612
3018, 1635, 1625, 1612
3019, 1656, 1636, 1613
3020, 1636, 1626, 1613
3021, 1659, 1638, 1614
3022, 1638,  207, 1627
3023, 1691,  277, 1646
3024, 1615, 1582, 1595
3025, 1688,  212, 1643
3026, 1616, 1581, 1594
3027, 1771, 1626, 1704
3028, 1771, 1704, 1628
3029, 1772, 1625, 1705
3030, 1772, 1705, 1629
3031, 1653,  180, 1632
3032, 1619,  181, 1602
3033, 1642, 1620,  300
3034, 1620,  276, 1304
3035, 1641, 1621,  141
3036, 1621,  142, 1302
3037, 1640, 1622,  348
3038, 1622,  347, 1301
3039, 1639, 1623,  189
3040, 1623,  213, 1303
3041, 1655, 1633, 1624
3042, 1624,  283, 1611
3043, 1772, 1629, 1618
3044, 1625,  303, 1612
3045, 1771, 1628, 1617
3046, 1626,  186, 1613
3047, 1658, 1637, 1627
3048, 1627,  206, 1614
3049, 1704, 1630, 1628
3050, 1628,  211, 1594
3051, 1705, 1631, 1629
3052, 1629,  278, 1595
3053, 1630,  211, 1628
3054, 1686, 1674, 1630
3055, 1687, 1675, 1631
3056, 1675, 1652, 1631
3057, 1632,  180, 1545
3058, 1632, 1545,  181
3059, 1664, 1633, 1655
3060, 1775, 1633, 1664
3061, 1654, 1611,  259
3062, 1707, 1634,  258
3063, 1657, 1612,  304
3064, 1713, 1695,  279
3065, 1656, 1613,  185
3066, 1712, 1694,  210
3067, 1665, 1637, 1658
3068, 1774, 1637, 1665
3069, 1659, 1614,  230
3070, 1709, 1638,  231
3071, 1647, 1639,  189
3072, 1647, 1643, 1639
3073, 1649, 1640,  348
3074, 1649, 1645, 1640
3075, 1648, 1641,  141
3076, 1648, 1644, 1641
3077, 1650, 1642,  300
3078, 1650, 1646, 1642
3079, 1688, 1643,  188
3080, 1784, 1643,  212
3081, 1690, 1644,  158
3082, 1783, 1644,  159
3083, 1689, 1645,  331
3084, 1782, 1645,  330
3085, 1691, 1646,  301
3086, 1781, 1646,  277
3087, 1668, 1647,  189
3088, 1647, 1596,  188
3089, 1669, 1648,  141
3090, 1682, 1669,  140
3091, 1806, 1670,  349
3092, 1649,  331, 1645
3093, 1671, 1650,  300
3094, 1650, 1597,  301
3095, 1684, 1672, 1651
3096, 1651,  211, 1630
3097, 1685, 1673, 1652
3098, 1652,  278, 1631
3099, 1821, 1619,  157
3100, 1780, 1653,  156
3101, 1660, 1654,  259
3102, 1828, 1634, 1654
3103, 1666, 1655,  282
3104, 1664, 1655,  306
3105, 1678, 1662,  185
3106, 1656,  209, 1636
3107, 1677, 1661,  304
3108, 1657,  280, 1635
3109, 1667, 1658,  207
3110, 1665, 1658,  183
3111, 1663, 1659,  230
3112, 1827, 1638, 1659
3113, 1676, 1660,  259
3114, 1807, 1660, 1759
3115, 1758, 1750, 1661
3116, 1752, 1657, 1661
3117, 1757, 1751, 1662
3118, 1753, 1656, 1662
3119, 1679, 1663,  230
3120, 1808, 1663, 1756
3121, 1719, 1689, 1710
3122, 1775, 1664,  307
3123, 1718, 1690, 1711
3124, 1774, 1665,  182
3125, 1706, 1680,  281
3126, 1666,  306, 1655
3127, 1708, 1681,  208
3128, 1667,  183, 1658
3129, 1668,  189, 1225
3130, 1692, 1668,  165
3131, 1669,  141, 1230
3132, 1789, 1682,  140
3133, 1670,  348, 1231
3134, 1806, 1683, 1670
3135, 1671,  300, 1226
3136, 1693, 1671,  324
3137, 1696, 1672, 1684
3138, 1672,  212, 1616
3139, 1697, 1673, 1685
3140, 1673,  277, 1615
3141, 1686, 1630,  210
3142, 1809, 1759,  235
3143, 1687, 1631,  279
3144, 1812, 1756,  254
3145, 1721,  236, 1698
3146, 1759, 1676,  235
3147, 1702,  304, 1608
3148, 1745, 1677, 1714
3149, 1701,  185, 1609
3150, 1744, 1678, 1715
3151, 1722,  253, 1699
3152, 1756, 1679,  254
3153, 1707,  282, 1634
3154, 1810,  281, 1750
3155, 1709,  207, 1638
3156, 1811,  208, 1751
3157, 1760,  157, 1720
3158, 1682, 1648, 1669
3159, 1761, 1683,  332
3160, 1683, 1649, 1670
3161, 1698, 1684,  235
3162, 1696, 1684,  236
3163, 1699, 1685,  254
3164, 1697, 1685,  253
3165, 1712,  210, 1636
3166, 1686,  234, 1674
3167, 1713,  279, 1635
3168, 1687,  255, 1675
3169, 1688,  188, 1581
3170, 1688, 1616,  212
3171, 1710,  331, 1562
3172, 1765, 1689, 1719
3173, 1764, 1690, 1718
3174, 1690,  159, 1644
3175, 1691,  301, 1582
3176, 1691, 1615,  277
3177, 1692,  165, 1256
3178, 1692, 1256,  164
3179, 1693,  324, 1255
3180, 1693, 1255,  325
3181, 1740, 1694, 1712
3182, 1694,  234, 1686
3183, 1741, 1695, 1713
3184, 1695,  255, 1687
3185, 1762, 1696,  236
3186, 1696,  212, 1672
3187, 1763, 1697,  253
3188, 1697,  277, 1673
3189, 1698,  236, 1684
3190, 1698,  235, 1676
3191, 1699,  253, 1685
3192, 1699,  254, 1679
3193, 1700, 1607,  260
3194, 1721, 1700,  260
3195, 1701, 1609,  161
3196, 1732, 1715, 1701
3197, 1702, 1608,  328
3198, 1731, 1714, 1702
3199, 1703, 1610,  229
3200, 1722, 1703,  229
3201, 1704, 1626,  210
3202, 1704,  210, 1630
3203, 1705, 1625,  279
3204, 1705,  279, 1631
3205, 1736, 1706,  305
3206, 1706, 1666, 1680
3207, 1727, 1707,  258
3208, 1727, 1724, 1707
3209, 1737, 1708,  184
3210, 1708, 1667, 1681
3211, 1728, 1709,  231
3212, 1728, 1723, 1709
3213, 1710, 1562,  307
3214, 1719,  307, 1664
3215, 1720, 1711,  158
3216, 1718,  182, 1665
3217, 1712, 1636,  209
3218, 1740, 1712,  209
3219, 1713, 1635,  280
3220, 1741, 1713,  280
3221, 1745,  329, 1742
3222, 1714, 1677, 1702
3223, 1744,  160, 1743
3224, 1715, 1678, 1701
3225, 1736, 1716, 1706
3226, 1716,  306, 1666
3227, 1737, 1717, 1708
3228, 1717,  183, 1667
3229, 1718, 1665,  183
3230, 1764,  183, 1726
3231, 1719, 1664,  306
3232, 1765,  306, 1725
3233, 1760, 1720,  158
3234, 1824, 1720,  157
3235, 1790, 1721,  260
3236, 1721, 1698, 1676
3237, 1791, 1722,  229
3238, 1722, 1699, 1679
3239, 1730, 1723,  232
3240, 1723,  208, 1681
3241, 1729, 1724,  257
3242, 1724,  281, 1680
3243, 1736, 1725, 1716
3244, 1765, 1725, 1742
3245, 1737, 1726, 1717
3246, 1764, 1726, 1743
3247, 1826,  258, 1823
3248, 1727,  257, 1724
3249, 1825,  231, 1822
3250, 1728,  232, 1723
3251, 1749, 1741,  280
3252, 1729,  281, 1724
3253, 1792, 1730,  232
3254, 1748, 1740,  209
3255, 1734,  328, 1536
3256, 1731,  329, 1714
3257, 1735,  161, 1535
3258, 1732,  160, 1715
3259, 1733, 1602, 1592
3260, 1733,  182, 1711
3261, 1734, 1536, 1541
3262, 1734, 1541,  329
3263, 1735, 1535, 1540
3264, 1735, 1540,  160
3265, 1745,  305, 1677
3266, 1745, 1742, 1736
3267, 1744,  184, 1678
3268, 1744, 1743, 1737
3269, 1752, 1750, 1738
3270, 1738,  281, 1729
3271, 1753, 1751, 1739
3272, 1739,  208, 1730
3273, 1748,  209, 1739
3274, 1747, 1740,  233
3275, 1749,  280, 1738
3276, 1746, 1741,  256
3277, 1755, 1742,  329
3278, 1765, 1742,  330
3279, 1754, 1743,  160
3280, 1764, 1743,  159
3281, 1744, 1737,  184
3282, 1744, 1715,  160
3283, 1745, 1736,  305
3284, 1745, 1714,  329
3285, 1766, 1746,  256
3286, 1746,  255, 1695
3287, 1767, 1747,  233
3288, 1747,  234, 1694
3289, 1748, 1739, 1730
3290, 1748,  233, 1740
3291, 1749, 1738, 1729
3292, 1749,  256, 1741
3293, 1810, 1758,  305
3294, 1750,  281, 1738
3295, 1811, 1757,  184
3296, 1751,  208, 1739
3297, 1752,  280, 1657
3298, 1752, 1661, 1750
3299, 1753,  209, 1656
3300, 1753, 1662, 1751
3301, 1754,  160, 1553
3302, 1754, 1570,  159
3303, 1755,  329, 1552
3304, 1755, 1569,  330
3305, 1812,  254, 1675
3306, 1812, 1808, 1756
3307, 1757, 1662, 1678
3308, 1811,  184, 1708
3309, 1758, 1661, 1677
3310, 1810,  305, 1706
3311, 1809,  235, 1674
3312, 1809, 1807, 1759
3313, 1760,  158, 1648
3314, 1760, 1682,  157
3315, 1773, 1761,  332
3316, 1761,  331, 1649
3317, 1762,  236, 1554
3318, 1762, 1572,  212
3319, 1763,  253, 1551
3320, 1763, 1571,  277
3321, 1764,  159, 1690
3322, 1764, 1718,  183
3323, 1765,  330, 1689
3324, 1765, 1719,  306
3325, 1817, 1766,  256
3326, 1822, 1808,  255
3327, 1818, 1767,  233
3328, 1823, 1807,  234
3329, 1768,  308, 1497
3330, 1768, 1527, 1546
3331, 1769,  163, 1500
3332, 1769, 1500, 1531
3333, 1770,  326, 1501
3334, 1770, 1501, 1529
3335, 1771, 1617, 1584
3336, 1771,  186, 1626
3337, 1772, 1618, 1583
3338, 1772,  303, 1625
3339, 1773,  332, 1538
3340, 1773, 1538, 1562
3341, 1774,  182, 1577
3342, 1774, 1577,  206
3343, 1775,  307, 1573
3344, 1775, 1573,  283
3345, 1776,   87,  829
3346, 1776,  938,   95
3347, 1777,  269,  830
3348, 1777,  940,  270
3349, 1778,  220,  832
3350, 1778,  937,  219
3351, 1779,  402,  831
3352, 1779,  939,  388
3353, 1780,  156, 1078
3354, 1780, 1227,  180
3355, 1781,  277, 1571
3356, 1781, 1587, 1603
3357, 1782,  330, 1569
3358, 1782, 1585, 1605
3359, 1783,  159, 1570
3360, 1783, 1586, 1604
3361, 1784,  212, 1572
3362, 1784, 1588, 1606
3363, 1785,  364, 1038
3364, 1785, 1065, 1191
3365, 1786,  125, 1037
3366, 1786, 1066, 1192
3367, 1787,  274, 1039
3368, 1787, 1067, 1189
3369, 1788,  215, 1040
3370, 1788, 1068, 1190
3371, 1789,  157, 1682
3372, 1789,  140, 1186
3373, 1790,  236, 1721
3374, 1790,  260, 1534
3375, 1791,  253, 1722
3376, 1791,  229, 1537
3377, 1819,  232, 1817
3378, 1792,  233, 1748
3379, 1820,  257, 1818
3380, 1793,  256, 1749
3381, 1794,  179,  921
3382, 1794,  956, 1152
3383, 1795,  137,  923
3384, 1795,  955, 1148
3385, 1796,  352,  922
3386, 1796,  954, 1147
3387, 1797,  310,  924
3388, 1797,  953, 1146
3389, 1798,  375,  569
3390, 1798,   40,  464
3391, 1799,  115,  574
3392, 1799,   80,  526
3393, 1800,  152,  543
3394, 1800,   18,  430
3395, 1801,  337,  553
3396, 1801,   58,  492
3397, 1802,  296,  849
3398, 1802,  913,  951
3399, 1803,  193,  850
3400, 1803,  914,  952
3401, 1804,  121,  855
3402, 1804,  915,  949
3403, 1805,  381,  856
3404, 1805,  916,  950
3405, 1806,  349, 1253
3406, 1806, 1253,  332
3407, 1823,  234, 1767
3408, 1828, 1807,  258
3409, 1822,  255, 1766
3410, 1827, 1808,  231
3411, 1809, 1674,  234
3412, 1809,  234, 1807
3413, 1810, 1706,  281
3414, 1810, 1750, 1758
3415, 1811, 1708,  208
3416, 1811, 1751, 1757
3417, 1812, 1675,  255
3418, 1812,  255, 1808
3419, 1813,  314,  919
3420, 1813,  981, 1109
3421, 1814,  175,  920
3422, 1814,  982, 1105
3423, 1815,  106,  917
3424, 1815,  988, 1111
3425, 1816,  396,  918
3426, 1816,  987, 1112
3427, 1820,  256, 1793
3428, 1825,  232, 1728
3429, 1819,  233, 1792
3430, 1826,  257, 1727
3431, 1819, 1792,  232
3432, 1820, 1819, 1817
3433, 1820, 1817,  256
3434, 1820, 1793,  257
3435, 1821,  157, 1254
3436, 1821, 1254,  156
3437, 1825, 1822, 1766
3438, 1822,  231, 1808
3439, 1826, 1823, 1767
3440, 1823,  258, 1807
3441, 1824, 1602, 1720
3442, 1824,  157, 1619
3443, 1825, 1728,  231
3444, 1825, 1766, 1817
3445, 1826, 1727,  258
3446, 1826, 1767, 1818
3447, 1827,  231, 1638
3448, 1827, 1659, 1663
3449, 1828,  258, 1634
3450, 1828, 1654, 1660