*Node
      1,   13.6111107,         52.5
      2,   7.77777767,         52.5
      3,   3.88888884,         52.5
      4,           0.,         52.5
      5,  -3.88888884,         52.5
      6,  -9.72222233,         52.5
      7,  -13.6111107,         52.5
      8,         17.5,         52.5
      9,        -17.5,         52.5
     10,        -17.5,        46.75
     11,        -17.5,          41.
     12,        -17.5,        35.25
     13,        -17.5,   29.4999981
     14,  -25.3957577,   18.2236881
     15,  -21.7865486,   20.3074665
     16,  -18.2236881,   25.3957577
     17,  -29.4999981,         17.5
     18,       -35.25,         17.5
     19,         -41.,         17.5
     20,       -46.75,         17.5
     21,        -52.5,         17.5
     22,        -52.5,   13.6111107
     23,        -52.5,   7.77777767
     24,        -52.5,   3.88888884
     25,        -52.5,           0.
     26,        -52.5,  -3.88888884
     27,        -52.5,  -9.72222233
     28,        -52.5,  -13.6111107
     29,        -52.5,        -17.5
     30,       -35.25,        -17.5
     31,         -41.,        -17.5
     32,       -46.75,        -17.5
     33,  -29.4999981,        -17.5
     34,  -25.3957577,  -18.2236881
     35,  -21.7865486,  -20.3074665
     36,  -18.2236881,  -25.3957577
     37,        -17.5,  -29.4999981
     38,        -17.5,       -46.75
     39,        -17.5,         -41.
     40,        -17.5,       -35.25
     41,        -17.5,        -52.5
     42,  -13.6111107,        -52.5
     43,  -7.77777767,        -52.5
     44,  -3.88888884,        -52.5
     45,           0.,        -52.5
     46,   3.88888884,        -52.5
     47,   9.72222233,        -52.5
     48,   13.6111107,        -52.5
     49,         17.5,        -52.5
     50,         17.5,       -46.75
     51,         17.5,         -41.
     52,         17.5,       -35.25
     53,         17.5,  -29.4999981
     54,   25.3957577,  -18.2236881
     55,   21.7865486,  -20.3074665
     56,   18.2236881,  -25.3957577
     57,   29.4999981,        -17.5
     58,        35.25,        -17.5
     59,          41.,        -17.5
     60,        46.75,        -17.5
     61,         52.5,        -17.5
     62,         52.5,  -13.6111107
     63,         52.5,  -7.77777767
     64,         52.5,  -3.88888884
     65,         52.5,           0.
     66,         52.5,   3.88888884
     67,         52.5,   9.72222233
     68,         52.5,   13.6111107
     69,         52.5,         17.5
     70,        35.25,         17.5
     71,          41.,         17.5
     72,        46.75,         17.5
     73,   29.4999981,         17.5
     74,   25.3957577,   18.2236881
     75,   21.7865486,   20.3074665
     76,   18.2236881,   25.3957577
     77,         17.5,   29.4999981
     78,         17.5,        46.75
     79,         17.5,          41.
     80,         17.5,        35.25
     81,  -14.2726879,  -39.9103851
     82,   14.4766111,  -39.9175377
     83,  -14.4766111,   39.9175377
     84,    14.283411,   39.9074173
     85,  -14.1335812,   48.4849968
     86,  -10.4183702,   48.5744209
     87,  -6.01673603,   48.5094528
     88,  -1.97745061,   48.6943054
     89,   1.87485373,   48.6950493
     90,   5.99147034,   48.5148582
     91,   10.4165974,   48.5839615
     92,    14.133729,   48.4895897
     93,   -14.726491,   43.9648132
     94,  -10.4887657,    44.309269
     95,  -6.31294823,    44.319767
     96,  -2.03061748,   44.2524643
     97,   1.86695457,   44.2679405
     98,    6.2959156,   44.3566246
     99,   10.4087524,   44.3796425
    100,   14.6846552,   43.9323959
    101,  -10.6521683,   40.0494728
    102,  -6.11567879,   40.3047523
    103,  -1.92364943,   39.8651657
    104,   1.84295249,   39.9854965
    105,   6.01663351,   39.8009148
    106,   10.8854752,   39.6947632
    107,  -14.0791588,   31.3374634
    108,  -10.6719599,   31.4200077
    109,  -6.44994545,   31.2400742
    110,  -2.19271612,   31.3968487
    111,   2.46044397,   31.6558475
    112,   6.57948494,   31.5564289
    113,   10.7102432,   31.5947552
    114,   14.2137175,   31.5229759
    115,   14.7435551,   35.9621925
    116,   10.7083378,   35.7538147
    117,   6.47477961,   35.6560631
    118,   2.21175838,   35.5751152
    119,  -1.89667499,   35.3990822
    120,  -6.40526342,   35.8959541
    121,  -10.1470356,   35.5401649
    122,  -14.4599848,   35.7171631
    123,  -14.7905464,   27.0872841
    124,  -10.7115459,   27.4150696
    125,  -6.11707926,   27.7445297
    126,  -2.35156178,   27.2345638
    127,   2.30427217,   27.4144592
    128,   6.58049679,   27.5364323
    129,   10.4637833,   27.4218731
    130,    14.759964,    27.220808
    131,  -14.4866285,   23.1462002
    132,  -10.9552965,   23.0761299
    133,  -6.58323574,    23.212429
    134,  -2.11221004,   23.3564415
    135,   2.22145963,   23.1498337
    136,   6.27979755,   23.2872066
    137,   10.7246408,   23.1023197
    138,   14.3765812,   23.0030422
    139,  -18.7351131,   18.7830219
    140,  -14.5222149,   19.2491894
    141,  -10.3809147,   19.0951691
    142,  -6.04681969,     19.41609
    143,  -2.24027371,   18.6331825
    144,   2.04155302,   18.8672905
    145,   6.30552864,   19.1459141
    146,   10.8379164,   19.6040459
    147,    15.135232,   19.0499973
    148,   18.8746357,   18.7431145
    149,  -48.0754051,   14.4153662
    150,  -43.9707489,   14.5576153
    151,  -39.9103889,   14.2726889
    152,  -35.9621239,    14.743453
    153,  -31.5230579,   14.2137566
    154,  -27.2207317,   14.7575445
    155,  -22.9738789,   14.3576603
    156,  -18.8062706,   14.9411306
    157,  -14.4660006,   14.8612671
    158,  -10.4648352,   14.7001362
    159,  -6.14634371,   14.8126497
    160,  -1.72188461,   14.6372461
    161,   2.18357062,   15.1004457
    162,   5.99867058,   14.8672819
    163,   10.5935287,   15.3036022
    164,   14.7944517,   14.9422235
    165,   19.2626381,   14.8497992
    166,    23.163166,   14.5154982
    167,   27.0886307,   14.7843895
    168,   31.3377552,   14.0783443
    169,   35.7171631,   14.4599867
    170,   39.9175644,   14.4766588
    171,   43.9652939,   14.7272835
    172,   48.4912415,   14.1387272
    173,  -48.5444717,   10.4186792
    174,  -44.3482018,   10.3745537
    175,  -39.6918945,   10.8789988
    176,  -35.7490082,   10.7079926
    177,  -31.6092567,   10.7258472
    178,  -27.5053425,    10.396966
    179,   -23.059063,   10.6778107
    180,  -19.1467457,   10.6634264
    181,  -15.0650234,   10.2113008
    182,  -10.6397076,   10.3239813
    183,  -6.72607994,   10.1736383
    184,   -1.9197042,   10.1904325
    185,   2.42431641,   10.8975878
    186,   6.28988409,   10.5185909
    187,   10.6300783,   10.5940294
    188,   14.5324278,   10.6165314
    189,   19.0115395,   10.4091473
    190,   23.0726166,   10.9816961
    191,   27.4153614,   10.7111025
    192,   31.4200573,   10.6717587
    193,   35.5401611,   10.1470356
    194,    40.049511,   10.6522732
    195,   44.3100166,     10.49055
    196,    48.574852,   10.4270935
    197,  -48.5135536,   5.99148321
    198,  -44.3536568,   6.29395914
    199,  -39.7984238,    6.0160346
    200,  -35.6258469,   6.47663212
    201,  -31.2810955,   6.65570498
    202,  -27.5416718,   6.33621597
    203,  -23.3089008,   6.23407698
    204,  -19.2458591,   6.38224459
    205,  -14.7883911,   6.02086735
    206,  -10.5225887,   6.67745781
    207,  -6.47661114,   6.25930166
    208,  -2.01472139,   6.79627752
    209,   2.36362267,    6.4896307
    210,   6.03697252,   6.38602638
    211,   10.5025644,   6.58567047
    212,   14.5456362,   6.17844296
    213,   19.3943501,   6.05105829
    214,   23.2119465,    6.5852437
    215,   27.7444592,   6.11723566
    216,    31.240057,   6.44995499
    217,   35.8959274,   6.40524769
    218,   40.3046532,   6.11563683
    219,   44.3198051,   6.31330729
    220,   48.5096359,   6.01747131
    221,  -48.6951103,   1.87486517
    222,  -44.2680664,    1.8671031
    223,  -39.9851265,   1.84310079
    224,  -35.5647545,   2.21027446
    225,  -31.6189709,   2.43967605
    226,   -27.403717,   2.26071692
    227,  -23.1504574,   2.20725656
    228,  -18.8178101,   2.01155758
    229,  -14.8687763,   2.15823054
    230,  -10.9351788,   2.63607264
    231,  -6.00174427,   2.03527522
    232,  -2.03948045,   2.46860981
    233,   2.08257437,   2.51408601
    234,   6.26344872,   2.33793664
    235,   10.2963209,   2.11303186
    236,   14.4464264,   2.10755205
    237,   18.5757465,   2.28321552
    238,   23.3552933,   2.11340237
    239,   27.2339954,    2.3535676
    240,   31.3957062,   2.19437885
    241,   35.3985291,   1.89699554
    242,   39.8651123,   1.92349803
    243,   44.2524223,   2.03047991
    244,   48.6943016,   1.97743988
    245,  -48.6943016,  -1.97743988
    246,  -44.2524223,  -2.03047991
    247,  -39.8651123,  -1.92349815
    248,  -35.3985291,  -1.89699662
    249,    -31.39571,  -2.19438624
    250,  -27.2340088,  -2.35362029
    251,  -23.3553333,  -2.11391783
    252,  -18.5759296,  -2.28498459
    253,  -14.4465466,  -2.10904717
    254,  -10.2962818,  -2.11326909
    255,  -6.26422691,  -2.33752728
    256,  -2.09703445,  -2.50532031
    257,   2.02414513,  -2.45942163
    258,   5.99975252,  -2.03514099
    259,    10.935214,  -2.64624095
    260,   14.8669233,  -2.17425299
    261,   18.8159409,  -2.04189014
    262,   23.1513004,  -2.21854782
    263,    27.403616,  -2.26121736
    264,   31.6189613,    -2.439713
    265,   35.5647507,  -2.21028113
    266,   39.9851418,  -1.84310842
    267,   44.2681007,   -1.8671093
    268,   48.6951141,  -1.87486494
    269,  -48.5096359,  -6.01747131
    270,  -44.3198051,  -6.31330729
    271,  -40.3046532,  -6.11563683
    272,  -35.8959274,  -6.40524769
    273,  -31.2400551,  -6.44995594
    274,  -27.7444592,  -6.11723852
    275,  -23.2119598,  -6.58524895
    276,  -19.3944206,  -6.05115604
    277,  -14.5456953,  -6.17857933
    278,  -10.5025711,  -6.58569431
    279,  -6.03697062,  -6.38602829
    280,  -2.36444831,  -6.48914003
    281,   2.01383972,  -6.79613924
    282,   6.47439528,  -6.26554155
    283,   10.5232868,  -6.74862909
    284,   14.8109541,  -6.07769203
    285,   19.2305012,  -6.70715857
    286,   23.3206882,   -6.2451787
    287,    27.541729,  -6.33674479
    288,   31.2811546,  -6.65582895
    289,   35.6258774,  -6.47668886
    290,   39.7989693,  -6.01666546
    291,   44.3567696,  -6.29597807
    292,   48.5149155,  -5.99146223
    293,   -48.574852,  -10.4270935
    294,  -44.3100166,    -10.49055
    295,   -40.049511,  -10.6522732
    296,  -35.5401611,  -10.1470356
    297,  -31.4200573,  -10.6717587
    298,  -27.4153614,  -10.7111025
    299,  -23.0726166,  -10.9816914
    300,  -19.0115509,   -10.409133
    301,  -14.5324373,  -10.6165314
    302,  -10.6300745,  -10.5940285
    303,  -6.28987932,  -10.5185909
    304,   -2.4243083,  -10.8975868
    305,   1.91956413,  -10.1908064
    306,   6.70711088,  -10.1940317
    307,   10.5521488,  -10.5473194
    308,   14.8667269,  -10.4434566
    309,    19.460083,  -11.0085697
    310,   23.0456505,  -10.6808596
    311,   27.5053596,  -10.3987341
    312,   31.6092453,  -10.7263613
    313,   35.7491112,   -10.708168
    314,   39.6946526,  -10.8854828
    315,   44.3796844,  -10.4087591
    316,   48.5839691,  -10.4165936
    317,  -48.4912415,  -14.1387272
    318,  -43.9652939,  -14.7272835
    319,  -39.9175644,  -14.4766588
    320,  -35.7171631,  -14.4599867
    321,  -31.3377552,  -14.0783443
    322,  -27.0886307,  -14.7843895
    323,  -23.1631641,  -14.5154982
    324,  -19.2626343,  -14.8497953
    325,  -14.7944431,  -14.9422188
    326,  -10.5933971,  -15.3036289
    327,  -5.99856138,  -14.8672953
    328,  -2.18350434,  -15.1004467
    329,   1.72285557,  -14.6366997
    330,   6.15973568,  -14.7943811
    331,   10.6899624,  -14.3726501
    332,   14.7277594,  -14.8481045
    333,   19.0948124,   -15.163619
    334,    23.018261,  -14.3941545
    335,   27.2230358,  -14.7658787
    336,   31.5227432,  -14.2146749
    337,   35.9621925,  -14.7435579
    338,   39.9074173,   -14.283412
    339,   43.9323959,  -14.6846552
    340,   48.4895897,   -14.133729
    341,  -18.8746357,  -18.7431145
    342,  -15.1352205,  -19.0499992
    343,  -10.8368082,   -19.604311
    344,  -6.30343723,  -19.1461926
    345,  -2.04072237,  -18.8672562
    346,   2.24044228,  -18.6331654
    347,    6.0540781,  -19.4126282
    348,   10.5166826,  -18.9836483
    349,   14.8905039,  -19.2787743
    350,   18.7588062,  -18.8729801
    351,  -14.3761702,  -23.0032578
    352,   -10.714695,  -23.1068134
    353,  -6.24847984,  -23.2929039
    354,  -2.20939255,  -23.1493645
    355,   2.11321473,  -23.3562984
    356,   6.58578825,  -23.2121067
    357,   10.9916687,   -23.069561
    358,   14.5275631,  -23.1569042
    359,  -14.7580547,  -27.2220402
    360,  -10.3975983,  -27.5074062
    361,  -6.33625269,  -27.5417919
    362,  -2.26073313,  -27.4037247
    363,   2.35354948,   -27.234024
    364,   6.11716509,  -27.7445354
    365,    10.712347,  -27.4152451
    366,   14.7916498,    -27.08778
    367,  -14.2137566,  -31.5230579
    368,  -10.7258549,  -31.6092796
    369,  -6.65570831,  -31.2811108
    370,  -2.43967319,  -31.6189728
    371,   2.19437504,  -31.3957157
    372,   6.44995499,  -31.2400723
    373,   10.6719627,  -31.4200115
    374,    14.079155,  -31.3374672
    375,   -14.743453,  -35.9621239
    376,  -10.7079878,  -35.7490005
    377,  -6.47660589,  -35.6258163
    378,  -2.21022248,  -35.5647354
    379,   1.89704072,  -35.3985481
    380,   6.40526724,  -35.8959541
    381,   10.1470356,  -35.5401649
    382,   14.4599848,  -35.7171631
    383,  -14.5576153,  -43.9707489
    384,   -10.374547,   -44.348156
    385,  -6.29389572,  -44.3535004
    386,  -1.86694837,  -44.2679062
    387,   2.03061748,  -44.2524643
    388,   6.31294823,   -44.319767
    389,   10.4887657,   -44.309269
    390,    14.726491,  -43.9648132
    391,   10.6521683,  -40.0494728
    392,   6.11567879,  -40.3047523
    393,   1.92365122,  -39.8651619
    394,  -1.84292841,  -39.9850311
    395,  -6.01594162,  -39.7982979
    396,  -10.8789845,   -39.691864
    397,  -14.4153662,  -48.0754051
    398,  -10.4186831,  -48.5444641
    399,  -5.99149132,  -48.5134926
    400,  -1.87485397,  -48.6950455
    401,   1.97745061,  -48.6943054
    402,   6.01673603,  -48.5094528
    403,   10.4183702,  -48.5744209
    404,   14.1335812,  -48.4849968
    405,   15.5555553,         52.5
    406,    11.666667,         52.5
    407,   9.72222233,         52.5
    408,   5.83333349,         52.5
    409,   1.94444442,         52.5
    410,  -1.94444442,         52.5
    411,  -5.83333349,         52.5
    412,  -7.77777767,         52.5
    413,   -11.666667,         52.5
    414,  -15.5555553,         52.5
    415,        -17.5,   50.5833321
    416,        -17.5,   48.6666679
    417,        -17.5,   44.8333321
    418,        -17.5,   42.9166679
    419,        -17.5,   39.0833321
    420,        -17.5,   37.1666641
    421,        -17.5,   33.3333321
    422,        -17.5,    31.416666
    423,  -27.4162216,   17.6823063
    424,        -23.5,   19.1076946
    425,  -20.3074665,   21.7865486
    426,  -19.1076946,         23.5
    427,  -17.6823063,   27.4162216
    428,   -31.416666,         17.5
    429,  -33.3333321,         17.5
    430,  -37.1666641,         17.5
    431,  -39.0833321,         17.5
    432,  -42.9166679,         17.5
    433,  -44.8333321,         17.5
    434,  -48.6666679,         17.5
    435,  -50.5833321,         17.5
    436,        -52.5,   15.5555553
    437,        -52.5,    11.666667
    438,        -52.5,   9.72222233
    439,        -52.5,   5.83333349
    440,        -52.5,   1.94444442
    441,        -52.5,  -1.94444442
    442,        -52.5,  -5.83333349
    443,        -52.5,  -7.77777767
    444,        -52.5,   -11.666667
    445,        -52.5,  -15.5555553
    446,   -31.416666,        -17.5
    447,  -33.3333321,        -17.5
    448,  -37.1666641,        -17.5
    449,  -39.0833321,        -17.5
    450,  -42.9166679,        -17.5
    451,  -44.8333321,        -17.5
    452,  -48.6666679,        -17.5
    453,  -50.5833321,        -17.5
    454,  -27.4162216,  -17.6823063
    455,        -23.5,  -19.1076946
    456,  -20.3074665,  -21.7865486
    457,  -19.1076946,        -23.5
    458,  -17.6823063,  -27.4162216
    459,        -17.5,  -50.5833321
    460,        -17.5,  -48.6666679
    461,        -17.5,  -44.8333321
    462,        -17.5,  -42.9166679
    463,        -17.5,  -39.0833321
    464,        -17.5,  -37.1666641
    465,        -17.5,  -33.3333321
    466,        -17.5,   -31.416666
    467,  -15.5555553,        -52.5
    468,   -11.666667,        -52.5
    469,  -9.72222233,        -52.5
    470,  -5.83333349,        -52.5
    471,  -1.94444442,        -52.5
    472,   1.94444442,        -52.5
    473,   5.83333349,        -52.5
    474,   7.77777767,        -52.5
    475,    11.666667,        -52.5
    476,   15.5555553,        -52.5
    477,         17.5,  -50.5833321
    478,         17.5,  -48.6666679
    479,         17.5,  -44.8333321
    480,         17.5,  -42.9166679
    481,         17.5,  -39.0833321
    482,         17.5,  -37.1666641
    483,         17.5,  -33.3333321
    484,         17.5,   -31.416666
    485,   27.4162216,  -17.6823063
    486,         23.5,  -19.1076946
    487,   20.3074665,  -21.7865486
    488,   19.1076946,        -23.5
    489,   17.6823063,  -27.4162216
    490,    31.416666,        -17.5
    491,   33.3333321,        -17.5
    492,   37.1666641,        -17.5
    493,   39.0833321,        -17.5
    494,   42.9166679,        -17.5
    495,   44.8333321,        -17.5
    496,   48.6666679,        -17.5
    497,   50.5833321,        -17.5
    498,         52.5,  -15.5555553
    499,         52.5,   -11.666667
    500,         52.5,  -9.72222233
    501,         52.5,  -5.83333349
    502,         52.5,  -1.94444442
    503,         52.5,   1.94444442
    504,         52.5,   5.83333349
    505,         52.5,   7.77777767
    506,         52.5,    11.666667
    507,         52.5,   15.5555553
    508,    31.416666,         17.5
    509,   33.3333321,         17.5
    510,   37.1666641,         17.5
    511,   39.0833321,         17.5
    512,   42.9166679,         17.5
    513,   44.8333321,         17.5
    514,   48.6666679,         17.5
    515,   50.5833321,         17.5
    516,   27.4162216,   17.6823063
    517,         23.5,   19.1076946
    518,   20.3074665,   21.7865486
    519,   19.1076946,         23.5
    520,   17.6823063,   27.4162216
    521,         17.5,   50.5833321
    522,         17.5,   48.6666679
    523,         17.5,   44.8333321
    524,         17.5,   42.9166679
    525,         17.5,   39.0833321
    526,         17.5,   37.1666641
    527,         17.5,   33.3333321
    528,         17.5,    31.416666
    529,  -15.9605141,   45.5055847
    530,  -16.0295105,   38.3909416
    531,   41.9520035,  -15.7064161
    532,   45.5062027,   15.9614077
    533,  -15.8837118,   34.4707527
    534,  -41.9723663,   15.6715641
    535,   16.0295105,  -38.3909416
    536,  -34.4707527,  -15.8837128
    537,  -45.5062027,  -15.9614077
    538,   15.9605141,  -45.5055847
    539,   15.8837118,  -34.4707527
    540,   34.4707527,   15.8837128
    541,  -15.7667961,   49.7107391
    542,  -15.7740564,   41.9899597
    543,  -34.4971771,   15.9883699
    544,  -37.9925041,    15.728898
    545,  -45.8926544,   15.7153749
    546,  -49.6793518,   15.8954487
    547,  -32.4234772,   -15.806612
    548,  -38.3909454,  -16.0295181
    549,  -41.9900475,  -15.7742052
    550,  -49.7129364,  -15.7687321
    551,   15.7667961,  -49.7107391
    552,   15.7740564,  -41.9899597
    553,   34.4971924,  -15.9883966
    554,   37.9916153,  -15.7311172
    555,   45.4987411,  -15.9511766
    556,   49.7128677,  -15.7657776
    557,   32.4234772,    15.806612
    558,   38.3909454,   16.0295181
    559,   41.9900475,   15.7742052
    560,   49.7129364,   15.7687321
    561,  -15.8067427,   32.4234276
    562,  -32.4959869,   15.8495245
    563,   15.8067427,  -32.4234276
    564,   32.4959335,  -15.8496799
    565,  -15.6715641,  -41.9723663
    566,   15.7064161,   41.9519997
    567,  -15.8954487,  -49.6793518
    568,  -15.7153749,  -45.8926544
    569,  -15.9883699,  -34.4971771
    570,  -15.8495245,  -32.4959869
    571,   15.7657776,   49.7128677
    572,   15.9511766,   45.4987411
    573,   15.7311163,   37.9916153
    574,   15.9883957,   34.4971924
    575,   15.8495226,   32.4959755
    576,  -15.7288971,  -37.9925041
    577,  -15.8570433,  -30.4261932
    578,   15.8570366,    30.426178
    579,    30.425066,  -15.8600264
    580,  -30.4261932,   15.8570433
    581,  -15.8287706,   30.3148212
    582,   15.8287659,  -30.3148251
    583,  -30.3159332,  -15.8258419
    584,   30.3159332,   15.8258419
    585,  -14.0724707,   50.5446472
    586,   -10.544549,   50.5622711
    587,  -4.90290213,   50.6800766
    588,  -1.00030124,   50.7135201
    589,   -50.751236,   12.4631567
    590,   14.0724707,  -50.5446472
    591,  -50.7135277,  -1.00029373
    592,  -50.6800995,  -4.90303087
    593,  -50.5626259,  -10.5520926
    594,  -50.5514221,  -14.0785837
    595,    10.544549,  -50.5622711
    596,   4.90290213,  -50.6800766
    597,   1.00030124,  -50.7135201
    598,  -12.4631577,   -50.751236
    599,   50.7937088,  -12.4316053
    600,   50.7135277,   1.00029373
    601,   50.6800995,   4.90303087
    602,   50.5626259,   10.5520926
    603,   50.5514221,   14.0785837
    604,   12.4316063,   50.7937088
    605,   8.65174294,   50.8608246
    606,  -2.93759346,   50.7064362
    607,  -6.83683729,   50.7461929
    608,  -8.65277195,   50.8606453
    609,  -12.4246359,   50.7959671
    610,  -50.8584747,    8.6529541
    611,  -50.7064362,  -2.93761587
    612,  -50.7463722,  -6.83754873
    613,  -50.8610458,  -8.65529919
    614,  -50.7995682,  -12.4319715
    615,  -8.65295887,  -50.8584709
    616,   2.93759346,  -50.7064362
    617,   6.83683729,  -50.7461929
    618,   8.65277195,  -50.8606453
    619,   12.4246359,  -50.7959671
    620,   50.8608284,  -8.65173721
    621,   50.7064362,   2.93761587
    622,   50.7463722,   6.83754873
    623,   50.8610458,   8.65529919
    624,   50.7995682,   12.4319715
    625,  -50.7489166,    6.8286562
    626,  -50.7014694,   2.89732385
    627,  -6.82866192,  -50.7489014
    628,  -2.89732671,  -50.7014465
    629,   50.7497177,  -6.82839537
    630,   50.7014732,  -2.89732385
    631,   2.89732647,   50.7014503
    632,   6.82840109,   50.7497025
    633,   14.0734053,   50.5541191
    634,   4.88441992,    50.686409
    635,  0.941535771,   50.7200203
    636,   -50.453022,   14.1604843
    637,  -50.6860695,   4.88445997
    638,  -50.7200394,    0.9415434
    639,  -14.1604843,   -50.453022
    640,  -4.88446712,  -50.6860466
    641,  -0.94153583,  -50.7200203
    642,   50.5541191,  -14.0734053
    643,   50.6864357,  -4.88441324
    644,   50.7200432, -0.941543341
    645,   10.5444098,   50.5749931
    646,  -50.5550766,   10.5528679
    647,  -10.5528698,  -50.5550728
    648,   50.5749931,  -10.5444069
    649,   28.2491531,   16.0254173
    650,  -28.2491531,  -16.0254173
    651,  -28.3456059,   16.0291424
    652,  -16.0288067,   28.2493057
    653,   16.0289307,  -28.2494469
    654,   28.3470726,  -16.0332642
    655,   16.0296612,   28.3458424
    656,  -16.0293446,  -28.3460503
    657,  -23.7715092,  -16.7147655
    658,  -16.6984768,  -23.7282944
    659,   16.6985359,   23.7282639
    660,  -16.3347092,  -26.2362061
    661,   23.7715092,   16.7147655
    662,  -21.3496342,  -18.2612171
    663,  -26.1984558,  -16.3473759
    664,   26.1984558,   16.3473759
    665,   16.3350906,   26.2359619
    666,   21.3496361,   18.2612171
    667,  -18.2983818,  -21.2691841
    668,   18.2983894,   21.2691803
    669,   18.2690144,  -21.3480129
    670,  -18.2371674,   21.3105354
    671,  -16.3471279,   26.1971016
    672,   16.3499031,  -26.1986427
    673,   26.2430305,  -16.3400478
    674,   16.7234936,  -23.7647533
    675,  -23.7168827,   16.6862411
    676,   21.2842369,  -18.3043804
    677,  -21.2591133,    18.268465
    678,   23.7305717,  -16.7054348
    679,  -26.2332535,   16.3322811
    680,   -16.700592,   23.7526398
    681,  -33.7105865,  -13.9268847
    682,   33.7105865,   13.9268847
    683,  -13.9270191,   33.7105408
    684,   13.9270182,  -33.7105408
    685,  -14.0086899,   28.9553547
    686,   14.0089846,  -28.9554977
    687,  -28.9559822,  -14.0059652
    688,   28.9559822,   14.0059652
    689,   29.2188644,  -14.0253191
    690,  -29.2184849,   14.0219088
    691,   14.0268774,   29.2156277
    692,   -14.022049,  -29.2188435
    693,  -33.7704391,   14.0056705
    694,   33.7703934,  -14.0058889
    695,   14.0056496,   33.7703667
    696,  -14.0056705,  -33.7704391
    697,   47.5425606,  -15.7979565
    698,  -15.7998762,   47.5425377
    699,  -16.2922115,   43.8420715
    700,  -15.9734354,   36.4368668
    701,  -43.9171524,   16.1889114
    702,  -36.4368706,  -15.9734383
    703,   -43.842308,  -16.2925797
    704,  -47.5443993,  -15.8017645
    705,   15.7998762,  -47.5425377
    706,   16.2922115,  -43.8420715
    707,   15.9734354,  -36.4368668
    708,   43.8266258,  -16.2684498
    709,   36.4368706,   15.9734383
    710,    43.842308,   16.2925797
    711,   47.5443993,   15.8017645
    712,   15.7979565,   47.5425606
    713,  -16.1889114,  -43.9171524
    714,   16.2684498,   43.8266258
    715,  -49.1915092,  -3.93603206
    716,  -49.4025955,  -11.7167826
    717,   49.4025955,   11.7167826
    718,   12.9167871,   49.3873787
    719,  -49.2402763,   13.0007305
    720,  -49.3960457,  -12.9184666
    721,  -13.0007305,  -49.2402763
    722,   49.3873787,  -12.9167871
    723,   49.1915092,   3.93603206
    724,   49.3960457,   12.9184666
    725,  -3.93585372,   49.1914825
    726,  -12.9133387,   49.3817101
    727,  -11.7037516,   49.4091301
    728,   3.93585372,  -49.1914825
    729,   12.9133387,  -49.3817101
    730,   11.7037516,  -49.4091301
    731, -0.0505623482,   49.2440033
    732,  -49.2440338, -0.0505468063
    733, 0.0505622961,  -49.2440033
    734,   49.2440338, 0.0505468585
    735,  -49.1930008,   3.88073921
    736,   -3.8807435,  -49.1929398
    737,   49.1933517,  -3.88072538
    738,   3.88072968,   49.1932907
    739,   11.7058496,   49.4154968
    740,  -49.3401108,   11.7303982
    741,  -11.7304001,  -49.3401108
    742,   49.4155006,  -11.7058477
    743,   -25.224205,  -14.6770763
    744,    25.224205,   14.6770763
    745,  -14.6705542,   25.2172832
    746,  -25.2396202,   14.5962801
    747,   14.6833973,  -25.2217407
    748,   25.2530041,  -14.6102362
    749,   14.6049299,     25.24786
    750,  -14.6025658,  -25.2493534
    751,  -13.5518093,  -45.8820229
    752,   13.9107647,   46.1557503
    753,  -13.9318199,   46.1663971
    754,  -45.8820229,   13.5518084
    755,  -46.1686554,  -13.9349718
    756,   46.1686554,   13.9349718
    757,   13.9318199,  -46.1663971
    758,   46.1557503,  -13.9107647
    759,   12.1920986,   47.7806053
    760,  -47.6253777,   12.1815214
    761,  -12.1815233,  -47.6253738
    762,   47.7806091,  -12.1920967
    763,  -12.2005529,   47.7767372
    764,   12.2005529,  -47.7767372
    765,  -47.7796516,  -12.2068186
    766,   47.7796516,   12.2068186
    767,  -30.7903805,   12.6878786
    768,   30.7903652,  -12.6892605
    769,  -12.6879158,  -30.7904778
    770,   12.6901617,   30.7839413
    771,  -32.3501701,  -12.2790556
    772,   32.3501701,   12.2790556
    773,   12.2793694,  -32.3500633
    774,  -12.2793703,   32.3500633
    775,   35.7684174,  -12.7708054
    776,  -35.7683182,   12.7705908
    777,  -12.7705898,  -35.7683144
    778,   12.7707615,   35.7691612
    779,  -47.8128166,   16.2052383
    780,  -16.2052383,  -47.8128166
    781,  -9.18474483,   49.4463882
    782,  -49.4468994,  -9.18946552
    783,   9.18474483,  -49.4463882
    784,   49.4468994,   9.18946552
    785,   9.18230534,   49.4538994
    786,   -49.440136,   9.18487549
    787,  -9.18488312,  -49.4401245
    788,    49.453907,  -9.18229771
    789,   12.6367016,   44.0756798
    790,  -12.5248861,  -44.0137138
    791,   44.1204414,   12.7421837
    792,    -12.74051,    44.119503
    793,  -44.0137253,    12.524888
    794,  -44.1204414,  -12.7421837
    795,     12.74051,   -44.119503
    796,   44.0756912,  -12.6367035
    797,  -26.7195358,   -12.877903
    798,   26.7195358,    12.877903
    799,   -26.884798,   12.7246151
    800,   12.7429209,   26.8733997
    801,  -12.7266655,  -26.8899384
    802,  -12.8774586,   26.7178001
    803,   12.8813419,  -26.7188721
    804,   26.8882599,  -12.7302294
    805,  -47.4191704,   3.79870462
    806,  -3.79868102,  -47.4190598
    807,   47.4195099,  -3.79870224
    808,   3.79867864,   47.4193954
    809,  -3.87301731,   47.4166832
    810,   47.4166832,   3.87315512
    811,  -47.4166832,  -3.87315512
    812,   3.87301731,  -47.4166832
    813, -0.0650811419,   47.4435806
    814,  -47.4436302, -0.065039359
    815, 0.0650810897,  -47.4435806
    816,    47.443634, 0.0650394186
    817,   7.82431793,   49.4752579
    818,   49.4752808,   -7.8243103
    819,  -49.4704208,   7.82528543
    820,  -7.82529354,  -49.4703979
    821,  -7.83262682,   49.4706421
    822,   -49.471096,  -7.83503056
    823,   7.83262682,  -49.4706421
    824,    49.471096,   7.83503056
    825,   8.45521259,   47.8243484
    826,  -47.8080711,   8.45299721
    827,  -8.45300198,   -47.808033
    828,   47.8243866,  -8.45520878
    829,  -8.46744251,    47.813549
    830,  -47.8141479,  -8.47087955
    831,   8.46744251,   -47.813549
    832,   47.8141479,   8.47087955
    833,  -46.6386337,  -10.3458042
    834,   46.6386337,   10.3458042
    835,  -10.3415546,   46.6374626
    836,   10.3415546,  -46.6374626
    837,   10.3161201,    46.657753
    838,  -46.5994339,   10.2922907
    839,  -10.2922907,  -46.5994072
    840,   46.6577797,  -10.3161201
    841,   29.2535534,  -11.7076483
    842,  -29.2528896,   11.7054443
    843,  -32.3113937,   12.6799297
    844,   32.3113174,  -12.6805515
    845,   -11.705925,  -29.2541809
    846,  -12.6799393,  -32.3114204
    847,   11.7154217,    29.210247
    848,   12.6772318,   32.3071289
    849,  -34.3185234,  -11.7519865
    850,   34.3185234,   11.7519865
    851,  -30.3555317,  -12.2784538
    852,   30.3555317,   12.2784538
    853,   12.2795582,  -30.3552971
    854,  -12.2794838,   30.3552589
    855,  -11.7520494,   34.3185005
    856,   11.7520494,  -34.3185005
    857,   33.8480377,  -11.7616577
    858,  -33.8480186,   11.7613525
    859,   37.7172127,  -13.6529636
    860,  -37.7176094,   13.6504288
    861,  -13.6504278,  -37.7176056
    862,   13.6529541,   37.7173347
    863,   11.7585258,   33.8489151
    864,  -11.7613544,  -33.8480263
    865,  -11.7850113,  -45.6937332
    866,  -13.4803524,  -42.0861588
    867,   13.5335226,   42.0883064
    868,   11.8928881,   45.8098869
    869,  -45.6937523,   11.7850122
    870,   45.8099022,   -11.892889
    871,   42.0883141,  -13.5335245
    872,  -42.0861626,   13.4803543
    873,   42.1496964,   13.6671486
    874,   -13.666625,   42.1493988
    875,  -42.1496964,  -13.6671486
    876,    13.666625,  -42.1493988
    877,  -24.3552246,  -12.8338423
    878,   24.3552265,   12.8338432
    879,  -24.2913303,   12.6174526
    880,  -12.6326895,   -24.318985
    881,   12.6400261,   24.3137207
    882,   24.3121376,  -12.6365175
    883,  -12.8177071,   24.3498363
    884,   12.8405209,  -24.3525276
    885,  -46.4079552,  -1.99365199
    886,   46.4079552,   1.99365199
    887,  -1.99369216,    46.407959
    888,   1.99369216,   -46.407959
    889,  -46.4115906,   1.87137568
    890,   46.4116669,  -1.87137806
    891,  -1.87130141,  -46.4114799
    892,    1.8713038,   46.4115562
    893,  -11.9406404,   45.8018723
    894,   11.9406404,  -45.8018723
    895,  -45.8034782,   -11.944066
    896,   45.8034782,    11.944066
    897,  -45.3351326, -0.0772494003
    898,   45.3351517, 0.0772479847
    899, -0.0773637816,   45.3350945
    900, 0.0773652121,  -45.3350754
    901,  -12.0798159,   28.5821552
    902,   12.0808315,  -28.5824432
    903,  -28.5827522,  -12.0789804
    904,   28.5827522,   12.0789804
    905,  -16.2560349,    40.076355
    906,  -39.9917183,   16.1346302
    907,  -40.0763779,  -16.2560768
    908,   16.2560349,   -40.076355
    909,   39.9868736,  -16.1441898
    910,   40.0763779,   16.2560768
    911,   16.1441879,   39.9868736
    912,  -16.1346302,  -39.9917183
    913,  -32.9426651,  -10.8257866
    914,   32.9426651,   10.8257866
    915,  -10.8259029,   32.9426308
    916,   10.8259029,  -32.9426308
    917,   11.3157234,   42.0976028
    918,  -11.2822571,  -42.0816917
    919,   42.0975952,   -11.315732
    920,  -42.0817299,   11.2822676
    921,  -25.3498039,   10.7978802
    922,  -10.8090267,  -25.3651962
    923,   10.8479404,   25.3350124
    924,   25.3511448,  -10.8024988
    925,  -45.3475227,   3.84525084
    926,   45.3481712,  -3.84559393
    927,  -3.93830943,   45.3319511
    928,   3.93830943,  -45.3319511
    929,  -45.3319092,  -3.93834281
    930,   45.3319092,   3.93834281
    931,  -3.84516454,  -45.3473663
    932,   3.84550762,   45.3480148
    933,   8.48821926,   45.5881271
    934,  -8.47657871,  -45.5681267
    935,  -45.5682068,   8.47659492
    936,   45.5882034,  -8.48823547
    937,   45.5403633,   8.51385403
    938,  -8.51196575,   45.5398712
    939,   8.51196575,  -45.5398712
    940,  -45.5403633,  -8.51385403
    941,   42.2284508,   11.6387024
    942,  -42.2284508,  -11.6387024
    943,   -11.637969,   42.2280998
    944,    11.637969,  -42.2280998
    945,  -11.7230787,  -37.6153183
    946,   11.7249947,   37.6169205
    947,  -37.6153297,   11.7230844
    948,   37.6159821,  -11.7249804
    949,  -9.35239506,   32.6510925
    950,   9.35239601,  -32.6510963
    951,   -32.651104,  -9.35233307
    952,    32.651104,   9.35233307
    953,   26.0163841,   -8.9914856
    954,  -8.99426556,  -26.0209885
    955,   9.09643745,   25.9347591
    956,  -26.0165672,   8.99032402
    957,  -3.87119031,  -43.2027435
    958,    3.8716805,   43.2035103
    959,   -43.138031,  -4.00133419
    960,    43.138031,   4.00133419
    961,  -4.00135803,   43.1380959
    962,   4.00135803,  -43.1380959
    963,   -43.202919,    3.8713305
    964,   43.2036552,  -3.87181902
    965,   39.1009064,  -12.6191816
    966,  -39.1004219,   12.6123199
    967,  -12.6123152,  -39.1004105
    968,   12.6191797,   39.1011429
    969,  -12.5950413,    40.558445
    970,   40.5585899,   12.5953264
    971,  -40.5585899,  -12.5953264
    972,   12.5950413,   -40.558445
    973,   40.5777779,  -12.5274668
    974,  -40.5741196,   12.5053263
    975,  -12.5053196,  -40.5741043
    976,    12.527462,   40.5778465
    977,  -37.6850052,   9.65598392
    978,   37.6857605,  -9.65763855
    979,   -9.6559639,  -37.6849709
    980,   9.65778065,   37.6892891
    981,   42.6772575,   -9.5301466
    982,  -42.6650772,   9.51333332
    983,   42.0935135,   9.62179661
    984,  -42.0935135,  -9.62179661
    985,  -9.62125778,   42.0933189
    986,   9.62125778,  -42.0933189
    987,  -9.51330566,  -42.6649933
    988,   9.53012085,   42.6772232
    989,  -46.4314117,   5.37108469
    990,   46.4332123,  -5.37174273
    991,   5.41660833,  -46.4185295
    992,  -5.41660833,   46.4185295
    993,   46.4186172,    5.4170599
    994,  -46.4186172,   -5.4170599
    995,  -5.37105083,  -46.4312935
    996,   5.37170887,   46.4331017
    997, -0.0897644609,   43.1972961
    998, 0.0897665769,  -43.1972847
    999,  -43.1973343, -0.0895892307
   1000,   43.1973457, 0.0895872414
   1001,   6.92050505,   46.5434113
   1002,  -6.91720343,  -46.5348892
   1003,  -46.5349808,   6.91722393
   1004,    46.543499,  -6.92052555
   1005,   10.4780436,  -29.4542427
   1006,  -10.4777269,   29.4541569
   1007,  -29.4543381,  -10.4772978
   1008,   29.4543381,   10.4772978
   1009,  -30.7192497,  -8.59061432
   1010,   30.7192497,   8.59061337
   1011,   -8.5907135,   30.7192402
   1012,   8.59076118,  -30.7192535
   1013,   27.9625244,   -8.2555275
   1014,  -8.25556087,  -27.9634686
   1015,   8.49211502,   27.6384182
   1016,  -27.9624462,   8.25487804
   1017,  -2.03218341,   42.0464745
   1018,   2.03218412,  -42.0464706
   1019,  -42.1267815,   1.86814737
   1020,   42.1269226,  -1.86823535
   1021,   -1.8679738,  -42.1266632
   1022,    1.8680656,   42.1268997
   1023,   42.0464401,   2.03204298
   1024,  -42.0464363,  -2.03204322
   1025,  -35.7259254,   8.59602356
   1026,   35.7260933,  -8.59638405
   1027,  -8.59600735,  -35.7258987
   1028,   8.59526443,   35.7478409
   1029,   43.7853661,  -8.49752903
   1030,   8.49870205,  -43.6190262
   1031,  -8.49870205,   43.6190262
   1032,   43.6193047,   8.49962902
   1033,  -43.7715721,   8.48409081
   1034,  -43.6193047,  -8.49962902
   1035,    8.4974947,   43.7852859
   1036,  -8.48405552,  -43.7714691
   1037,  -8.51282692,   28.2015896
   1038,   8.51312351,  -28.2016506
   1039,  -28.2015877,  -8.51284599
   1040,   28.2015877,   8.51284599
   1041,  -12.5385733,   38.4009171
   1042,   38.4009476,   12.5386381
   1043,  -38.4009476,  -12.5386381
   1044,   12.5385733,  -38.4009171
   1045,  -21.4821777,  -15.8987846
   1046,   21.4821796,   15.8987856
   1047,  -15.8985043,  -21.2848816
   1048,   15.8985853,   21.2848396
   1049,  -15.8029356,   21.4455528
   1050,   21.3094902,  -15.9164534
   1051,  -21.2279968,   15.8435411
   1052,   15.9158926,  -21.4802647
   1053,   11.0301323,  -25.3491993
   1054,  -11.0188971,   25.3495464
   1055,  -25.3501873,  -11.0265694
   1056,   25.3501873,   11.0265713
   1057,   -35.358139,  -13.0620871
   1058,    35.358139,   13.0620871
   1059,  -13.0621243,   35.3581238
   1060,   13.0621243,  -35.3581238
   1061,  -36.6856842,  -13.2808762
   1062,   36.6856842,   13.2808762
   1063,  -13.2808695,   36.6856728
   1064,   13.2808695,  -36.6856728
   1065,   9.20146942,  -26.0975056
   1066,  -9.19876671,   26.0974255
   1067,  -26.0975513,   -9.2006712
   1068,   26.0975494,    9.2006712
   1069,   -13.960515,   21.4264488
   1070,   14.1031542,  -21.4345818
   1071,   20.9407749,   -13.890233
   1072,  -7.69253159,   32.4843712
   1073,   7.69254303,   -32.484375
   1074,  -32.4843712,  -7.69250011
   1075,   32.4843712,   7.69250011
   1076,   21.4359932,   14.0795631
   1077,  -21.4359894,  -14.0795593
   1078,  -20.8710213,     13.78057
   1079,   13.8457489,   20.9081841
   1080,  -13.8455267,  -20.9082775
   1081,   29.4980831,  -9.64875317
   1082,   26.3241901,  -7.40216875
   1083,  -7.40173674,  -26.3253994
   1084,  -9.64812183,  -29.4986629
   1085,   9.60369587,   29.3455372
   1086,   7.54522943,   26.2362175
   1087,  -26.3242073,   7.40078068
   1088,  -29.4979153,   9.64781761
   1089,  -4.03684235,   40.7237434
   1090,   4.03684282,  -40.7237396
   1091,  -41.0070343,   3.80959678
   1092,   41.0073738,   -3.8098917
   1093,  -3.80945849,   -41.006897
   1094,   3.80977535,   41.0079727
   1095,   40.7236595,   4.03675652
   1096,  -40.7236595,  -4.03675699
   1097,  -37.6497917,   7.43029308
   1098,   37.6501961,   -7.4309473
   1099,   33.8344193,  -9.68315411
   1100,  -33.8343582,    9.6828928
   1101,   9.67495441,    33.858429
   1102,  -9.68288994,  -33.8343582
   1103,  -7.43024778,  -37.6497269
   1104,   7.43046522,   37.6610413
   1105,  -41.9277573,   7.72642469
   1106,   7.52313089,  -41.8332176
   1107,  -7.52313089,   41.8332176
   1108,   41.8332443,   7.52338314
   1109,   41.9327965,  -7.73240852
   1110,  -41.8332443,  -7.52338314
   1111,   7.73236656,   41.9331398
   1112,  -7.72636557,   -41.927639
   1113,   37.5915298,   14.4598532
   1114,  -14.4598312,   37.5915184
   1115,  -37.5915298,  -14.4598532
   1116,   14.4598312,  -37.5915184
   1117,  -19.8747025,  -16.9340153
   1118,   19.8747044,   16.9340172
   1119,  -17.0360432,    -19.65975
   1120,   17.0360641,   19.6597404
   1121,  -19.6385517,   16.9623222
   1122,   19.6833515,  -17.0446091
   1123,  -16.8062077,    19.756094
   1124,    16.955677,   -19.872551
   1125,   25.4925442,  -5.70098734
   1126,   5.79345703,   25.4730453
   1127,  -5.69952774,  -25.4883881
   1128,  -25.4907513,   5.69712925
   1129,  -5.81965828,    33.463398
   1130,   5.81968546,  -33.4633904
   1131,  -33.4633789,  -5.81967354
   1132,   33.4633789,   5.81967306
   1133,  -36.3190498,  -11.8646402
   1134,   -11.864645,   36.3190384
   1135,    11.864645,  -36.3190384
   1136,   36.3190498,   11.8646402
   1137,   9.55620766,  -24.4453411
   1138,  -9.54517269,   24.4465675
   1139,   -24.446085,  -9.55340481
   1140,   24.4460831,   9.55340672
   1141,   -8.2793293,   34.3821487
   1142,   8.27933598,  -34.3821487
   1143,  -34.3821411,  -8.27931499
   1144,   34.3821411,   8.27931499
   1145,   29.7536888,  -8.04855061
   1146,   24.6831951,  -7.67424679
   1147,  -7.68768072,  -24.6771927
   1148,   7.75764227,   24.6410217
   1149,   7.57321644,   29.3641071
   1150,  -8.04833412,  -29.7539558
   1151,   -29.753582,   8.04813099
   1152,  -24.6806374,   7.67534256
   1153,  -5.59799147,   42.0639153
   1154,   5.59799194,  -42.0639153
   1155,   42.0599136,  -5.54535246
   1156,  -42.0579567,   5.54346895
   1157,  -5.54337025,  -42.0578156
   1158,   5.54527426,   42.0604324
   1159,   42.0638771,    5.5980835
   1160,  -42.0638771,   -5.5980835
   1161,  -39.6581497,   8.55597019
   1162,   39.6604271,   -8.5597477
   1163,    33.739006,  -7.60868025
   1164,  -33.7389412,   7.60851812
   1165,  -7.60851049,  -33.7389336
   1166,   7.58935833,   33.8201103
   1167,   8.55967331,   39.6632423
   1168,  -8.55592728,  -39.6580772
   1169,   8.84344292,  -40.5324936
   1170,  -8.84344292,   40.5324936
   1171,   40.5325241,   8.84361935
   1172,  -40.5325241,  -8.84361935
   1173,   22.5437832,   12.9238386
   1174,  -22.5437794,  -12.9238348
   1175,  -22.1733894,   12.4651365
   1176,  -12.5083342,  -22.2438812
   1177,    12.511466,   22.2421684
   1178,  -12.8636236,   22.5439129
   1179,   12.9424829,  -22.5388584
   1180,   22.2194996,  -12.5310278
   1181,   -20.123333,  -20.0735054
   1182,   20.1233349,   20.0735054
   1183,  -20.0650826,   20.0912075
   1184,   20.0812149,  -20.1238785
   1185,    17.919529,  -16.9978542
   1186,  -16.6708012,   17.9662075
   1187,  -16.9893856,  -17.9043827
   1188,   16.9893932,   17.9043808
   1189,  -24.7508984,  -7.88689327
   1190,   24.7508945,   7.88689327
   1191,   7.88752174,  -24.7508469
   1192,  -7.88403511,   24.7509785
   1193,   8.79306984,  -38.8352737
   1194,  -8.79306984,   38.8352737
   1195,   38.8352585,   8.79310894
   1196,  -38.8352585,  -8.79310894
   1197,  -37.6374855,   -10.408802
   1198,  -10.4087687,   37.6374817
   1199,   10.4087687,  -37.6374817
   1200,   37.6374855,    10.408802
   1201,  -22.9652443,  -8.68284702
   1202,   22.9652328,   8.68285084
   1203,  -8.67085838,   22.9677582
   1204,     8.688591,  -22.9635162
   1205,   32.2728806,  -8.68738365
   1206,  -32.2728271,   8.68712425
   1207,  -8.68712616,  -32.2728348
   1208,   8.64177036,   32.3371162
   1209,   27.3730659,  -4.39464808
   1210,  -4.39396048,  -27.3724461
   1211,   4.50835371,   27.3933201
   1212,  -27.3728142,   4.39354992
   1213,   33.6656609,  -5.53077173
   1214,  -33.6656342,   5.53070211
   1215,  -5.53068924,  -33.6656265
   1216,   5.51593018,   33.7544746
   1217,  -4.38073015,    31.460722
   1218,    4.3810482,  -31.4605236
   1219,  -31.4605103,   -4.3810606
   1220,   31.4605103,   4.38105679
   1221,   30.8830109,  -8.75337505
   1222,   8.62168217,   30.8395882
   1223,  -8.75302887,  -30.8831692
   1224,  -30.8829346,   8.75292492
   1225,   20.6501827,   12.2024736
   1226,  -20.6501846,  -12.2024651
   1227,   -20.576849,   12.1893406
   1228,  -12.2671185,   -20.669857
   1229,   12.2681675,   20.6694107
   1230,  -12.0799723,   20.7224903
   1231,   12.2550669,  -20.6531219
   1232,   20.6346989,    -12.34128
   1233,  -18.1023655,   16.9331036
   1234,   8.43911648,   22.5340748
   1235,  -8.41637039,  -22.5434608
   1236,  -22.5894089,   8.36368561
   1237,   22.6238708,  -8.32017326
   1238,   16.9043274,  -18.4036293
   1239,  -18.3967018,  -16.8886623
   1240,   18.3967056,   16.8886642
   1241,  -8.46755505,   36.7516174
   1242,   8.46755695,  -36.7516174
   1243,  -36.7515984,    -8.467556
   1244,   36.7515984,     8.467556
   1245,   41.0232582, 0.0638229549
   1246,  -41.0232315, -0.0638393685
   1247, -0.0639808849,   41.0233231
   1248, 0.0640010759,   -41.023201
   1249,   29.5169067,   6.98584843
   1250,  -29.5169067,  -6.98584938
   1251,   6.98591185,   -29.516943
   1252,   -6.9858222,   29.5169277
   1253,   15.9583845,  -17.0336971
   1254,  -16.6319675,   15.9930096
   1255,  -16.9950886,  -15.9713888
   1256,   16.9950943,   15.9713917
   1257,    -21.05509,  -9.67545319
   1258,   21.0550747,   9.67546177
   1259,  -9.64112854,   21.0846386
   1260,   9.70784187,  -21.0501995
   1261,   25.4805717,  -3.37499118
   1262,   29.2036362,  -5.35394669
   1263,   3.42239952,    25.481884
   1264,  -3.37147617,  -25.4789867
   1265,  -5.35367966,  -29.2035294
   1266,   5.52979612,   29.3136921
   1267,  -25.4799919,   3.37043095
   1268,   -29.203558,   5.35360098
   1269,   35.4993324,   -4.4081974
   1270,  -35.4993172,   4.40816545
   1271,   4.40638542,   35.5284271
   1272,  -4.40812349,  -35.4992867
   1273,   33.3753738,   3.27153659
   1274,  -33.3753777,  -3.27153921
   1275,  -3.27094698,   33.3758545
   1276,   3.27154994,  -33.3753891
   1277,  -5.25161409,   29.6272049
   1278,   5.25173283,  -29.6271687
   1279,  -29.6271381,  -5.25175619
   1280,     29.62714,    5.2517519
   1281,  -21.2404804,   11.1653986
   1282,  -11.2531681,  -21.3902245
   1283,   11.2568436,   21.3886814
   1284,   21.2758579,  -11.2559357
   1285,   6.52326059,     21.19034
   1286,  -6.51180553,  -21.1930161
   1287,  -21.2886696,   6.48782158
   1288,   21.3646431,  -6.51686621
   1289,   -6.7641449,   38.2900963
   1290,   6.76414585,  -38.2900963
   1291,  -38.2900391,  -6.76412296
   1292,   38.2900391,   6.76412296
   1293, 0.000770354993,   38.8614082
   1294, -0.000742558506,  -38.8610458
   1295,   38.8610649, -0.000877891667
   1296,  -38.8610611, 0.000873717712
   1297,  -25.3660412,   -5.7829423
   1298,   25.3660393,   5.78293467
   1299,   5.78303003,  -25.3661022
   1300,  -5.78206015,   25.3661633
   1301,   7.44601202,   -21.262743
   1302,  -7.42557812,   21.2719841
   1303,     21.26054,   7.43638086
   1304,  -21.2605705,  -7.43639803
   1305,   21.0344963,  -9.69704342
   1306,  -9.93160534,  -21.3001175
   1307,   9.93971252,   21.2968388
   1308,  -21.2524986,   9.83185577
   1309,   17.0051346,  -15.5620213
   1310,  -15.5331554,  -17.0163288
   1311,   15.5331621,   17.0163307
   1312,   29.1485462,  -6.93011999
   1313,  -6.92990685,  -29.1487713
   1314,  -29.1484718,    6.9297061
   1315,   37.4135208,    -5.251513
   1316,   -37.413353,   5.25127888
   1317,  -33.6951675,   3.49107146
   1318,   33.6951714,  -3.49110484
   1319,  -3.49104953,  -33.6951599
   1320,   3.49374461,   33.7409096
   1321,   5.25077152,   37.4268074
   1322,  -5.25120974,  -37.4132805
   1323,  -4.60983658,  -22.0651112
   1324,   4.62462234,   22.0636177
   1325,  -22.0896473,   4.60196686
   1326,   22.1055069,  -4.63524103
   1327,   -4.8778739,   37.3458977
   1328,   4.87788153,  -37.3458939
   1329,  -37.3458405,   -4.8778286
   1330,   37.3458405,    4.8778286
   1331,   23.4330311,   4.43891668
   1332,  -23.4330406,  -4.43902588
   1333,   4.43913603,  -23.4333649
   1334,  -4.43802166,    23.433527
   1335,   5.28017187,  -21.5517693
   1336,  -5.27480793,   21.5539894
   1337,   21.5466194,   5.27870083
   1338,   -21.546648,  -5.27879429
   1339,   20.6831474,  -8.02339745
   1340,  -8.42693424,  -19.8743801
   1341,   8.43362999,   19.8720684
   1342,  -20.2671795,   8.31082821
   1343,  -1.74966741,   37.7157898
   1344,   1.74974668,  -37.7155228
   1345,  -37.7154961,  -1.74965131
   1346,   37.7154961,   1.74965036
   1347,  -29.2772179,   3.34663725
   1348,   3.41751862,    29.324913
   1349,   -3.3467226,  -29.2771549
   1350,   29.2772503,   -3.3469851
   1351,   29.5548782,   3.26533055
   1352,  -29.5548801,  -3.26534557
   1353,  -3.26428366,   29.5552979
   1354,   3.26530886,  -29.5548973
   1355,  -26.7568245,  -4.40628052
   1356,   26.7568226,   4.40626192
   1357,    4.4062295,  -26.7568645
   1358,  -4.40556717,   26.7569904
   1359,   37.8328781,  -1.88752353
   1360,  -37.8328705,   1.88751531
   1361,   1.88768756,   37.8361092
   1362,  -1.88740849,  -37.8328209
   1363,  -4.27802134,   28.1837177
   1364,   4.27879715,  -28.1834984
   1365,  -28.1834621,  -4.27884817
   1366,   28.1834583,   4.27882957
   1367,   30.7116966,  -4.46411896
   1368,  -4.46397018,   -30.711647
   1369,   4.50320768,   30.8249435
   1370,  -30.7116623,   4.46393824
   1371,  -1.09025323,   29.3975334
   1372,   1.09661579,  -29.3941574
   1373,   29.3941307,   1.09661806
   1374,  -29.3941479,  -1.09664416
   1375,   13.7828178,   17.2092113
   1376,  -13.7827845,  -17.2092152
   1377,   17.2953835,  -13.7939281
   1378,   29.4145718,   -1.1701417
   1379,   1.19600201,   29.4323788
   1380,  -1.17000997,  -29.4145908
   1381,  -29.4145966,   1.16998172
   1382,   32.1945305,  -4.51630735
   1383,  -32.1945076,   4.51621866
   1384,   4.51056242,   32.3065224
   1385,  -4.51621819,  -32.1945038
   1386,  -4.42774248,  -23.8949509
   1387,   4.46834707,   23.8911171
   1388,  -23.9039497,   4.42217207
   1389,   23.9101219,  -4.43498898
   1390,  -4.25671768,   35.3943329
   1391,   4.25688839,   -35.394165
   1392,   39.0534248,   5.05941677
   1393,  -39.0534248,  -5.05941677
   1394,   5.05947828,  -39.0534973
   1395,   -5.0594759,   39.0535011
   1396,  -35.3941383,  -4.25685501
   1397,   35.3941383,   4.25685406
   1398,  -3.48623323,     38.59832
   1399,   3.48625112,  -38.5982742
   1400,   -38.598217,  -3.48616576
   1401,    38.598217,   3.48616552
   1402,  -25.2277393,  -3.47183347
   1403,   25.2277241,   3.47170067
   1404,   3.47171521,  -25.2279739
   1405,  -3.47056842,   25.2281818
   1406,   36.6537399,  -0.12617217
   1407,  -36.6537399,  0.126168415
   1408,   38.8467064,  -3.71451855
   1409,  -38.8465271,   3.71432066
   1410,  0.126660958,   36.6565552
   1411, -0.126091972,  -36.6537323
   1412,   3.71435022,   38.8509483
   1413,  -3.71421123,  -38.8464355
   1414,  -3.49423504,   -37.031311
   1415,   3.49419069,   37.0434799
   1416,  -37.0313644,   3.49431109
   1417,   37.0314369,   -3.4944067
   1418,  -20.3470516,   4.98444653
   1419,   4.98302841,   20.3019123
   1420,  -4.97674036,  -20.3027878
   1421,   20.3613052,  -5.08699036
   1422,   -3.4097321,   21.8737049
   1423,   3.41133285,  -21.8731842
   1424,   21.8688469,   3.41260409
   1425,  -21.8688736,   -3.4129262
   1426,   20.6275673,  -3.21746993
   1427,  -3.17810202,  -20.6212902
   1428,   3.18411565,   20.6209965
   1429,  -20.6236744,   3.17142463
   1430,   20.8746433,   1.53315628
   1431,  -20.8748322,  -1.53606331
   1432,  -1.52080846,   20.8946075
   1433,   1.52165604,  -20.8944626
   1434,   18.4677925,  -4.32063389
   1435,  -4.21772671,  -18.4902287
   1436,    4.2199831,   18.4900246
   1437,  -18.4800472,   4.23435307
   1438, 0.000523446652,   31.3166885
   1439, 0.00965407211,  -31.3056946
   1440,   31.3056793, 0.0096228309
   1441,  -31.3056908, -0.00966271106
   1442,  -12.9247646,   -19.135582
   1443,   12.9251814,   19.1354446
   1444,   19.2020321,  -13.0267382
   1445,   27.5028629, -0.102380745
   1446, -0.102098368,  -27.5029335
   1447,  0.117907561,   27.5087681
   1448,  -27.5029259,    0.1020578
   1449,  -36.8904457,  -3.25349951
   1450,   36.8904419,   3.25349879
   1451,  -3.25343347,    36.890686
   1452,   3.25356174,    -36.89048
   1453,  -3.79649758,   20.0875435
   1454,   3.79906487,   -20.086483
   1455,  -20.0630302,  -3.80907035
   1456,   20.0629253,    3.8081553
   1457,  -39.9591446,  -7.60797453
   1458,   39.9591446,   7.60797453
   1459,  -7.60789347,   39.9591637
   1460,   7.60789347,  -39.9591637
   1461,    22.504158,     0.119406
   1462,  -22.5041504, -0.124649309
   1463,  -0.11644315,     22.50947
   1464,   0.12029881,   -22.509182
   1465,    17.049715,  -6.19699287
   1466,  -6.01475239,  -17.1384201
   1467,   6.01570797,    17.138298
   1468,   -17.120533,   6.16768503
   1469,  -1.05779731,   33.1490517
   1470,   1.06096184,  -33.1455345
   1471,  -33.1455269,  -1.06095028
   1472,   33.1455193,   1.06094062
   1473,   25.6341419,  -1.20156264
   1474,  -1.19912922,  -25.6336517
   1475,   1.22091162,   25.6372185
   1476,  -25.6339684,   1.19854915
   1477,   11.6987057,     17.39641
   1478,  -11.6983318,  -17.3965015
   1479,   20.8086758, -0.955278933
   1480,  0.959123969,   20.8299484
   1481, -0.955146909,  -20.8298378
   1482,  -20.8083019,  0.938377619
   1483,  -25.9778175, -0.591763079
   1484, -0.582629681,   25.9799404
   1485,  0.591572702,  -25.9777946
   1486,   25.9778023,   0.59083122
   1487,  0.709683359,   32.8662338
   1488,  -0.70150882,  -32.8529587
   1489,   32.8529434, -0.701538503
   1490,  -32.8529549,   0.70151937
   1491,   17.7772846,    -11.99016
   1492,  -34.5433922,  0.318925679
   1493,   34.5433884, -0.318933666
   1494,  0.322130919,   34.5506325
   1495, -0.318890244,   -34.543396
   1496,   15.9182978,  -12.2293243
   1497,   17.0436096,  -9.94326973
   1498,   12.6699104,   15.7506351
   1499,  -12.6697989,   -15.750658
   1500,   9.42104721,   17.4369774
   1501,   -9.4196701,  -17.4374027
   1502,   17.6996193,  -7.92996979
   1503,    16.112278,    -4.283144
   1504,  -7.58475065,  -17.9589787
   1505,  -4.22426558,  -16.2070789
   1506,   4.22486734,   16.2070217
   1507,   7.58702946,   17.9583397
   1508,   -16.123209,   4.24255276
   1509,  -18.1257515,   8.18970585
   1510,   18.8167458,  0.142022237
   1511, -0.0990201086,   18.8903618
   1512,  0.100013733,  -18.8903084
   1513,  -18.8173027, -0.152921364
   1514,    -25.21838,  -1.74034452
   1515,  -1.73667717,   25.2193756
   1516,   1.74009252,  -25.2186546
   1517,   25.2183323,   1.73978269
   1518,   1.83955228,   33.6777458
   1519,  -1.83226883,  -33.6550446
   1520,   33.6550446,  -1.83231425
   1521,  -33.6550484,   1.83229339
   1522, -0.184264764,   24.3087139
   1523,  0.192776188,  -24.3074913
   1524,    24.306839,  0.190552011
   1525,  -24.3066845,  -0.19414486
   1526,   17.0504951,  -2.76369119
   1527,   16.0334587,  -7.96451616
   1528,   2.74852276,    17.160305
   1529,  -7.74611521,  -16.2159061
   1530,  -2.74775624,  -17.1603508
   1531,   7.74694729,   16.2156982
   1532,  -15.9961643,   8.06558037
   1533,  -17.0561123,    2.7269578
   1534,    16.950552, -0.973591805
   1535,   1.03041792,   17.1048603
   1536,  -1.02995944,  -17.1048527
   1537,  -16.9523182,   0.95663923
   1538,   13.8069754,  -12.3878822
   1539,  -16.7872372,  -1.10208964
   1540, -0.964418948,   16.9331627
   1541,  0.964859664,  -16.9330578
   1542,   16.7867012,   1.09599209
   1543,   12.4996805,   13.8976021
   1544,  -12.4996338,  -13.8976068
   1545,  -17.0318489,   9.65394878
   1546,   14.0845051,  -8.48280048
   1547,  -8.39954948,   -14.136467
   1548,   8.39974022,    14.136425
   1549,  -13.8570271,   8.21918869
   1550,   12.8194132,  -10.4819489
   1551,  -16.5788937,  -3.14086699
   1552,   3.02920389,  -16.6715412
   1553,  -3.02734923,     16.67272
   1554,   16.5786953,   3.13915277
   1555,   10.5008106,   12.8390141
   1556,  -10.5007448,  -12.8390255
   1557,   19.1919098,  -8.88490105
   1558,   12.7033129,  -6.61287928
   1559,  -6.45754337,  -12.6391668
   1560,   6.45759726,   12.6391573
   1561,  -12.6562109,   6.50480127
   1562,   11.7627974,  -12.3720121
   1563,  -18.1037102,  -4.35271263
   1564,  -4.32146883,   18.1618404
   1565,   4.32468224,  -18.1600418
   1566,   18.1035767,   4.35189915
   1567,    12.438077,   11.7216816
   1568,  -12.4380589,  -11.7216825
   1569,   4.98990965,  -16.5023117
   1570,  -4.98212385,   16.5094566
   1571,  -16.4069233,  -5.02797842
   1572,   16.4068108,   5.02743816
   1573,   11.8062296,  -8.58968258
   1574,   13.3094053,  -5.00655556
   1575,   4.91660547,    13.338728
   1576,  -4.91656303,  -13.3387337
   1577,  -11.7739344,   8.39494801
   1578,  -13.2947836,   4.95927286
   1579,   14.0395203,   12.7644405
   1580,   -14.039506,  -12.7644377
   1581,   12.4408627,   9.56442928
   1582,  -12.4408693,  -9.56443882
   1583,  -8.47599316,  -11.3491373
   1584,   8.47603989,   11.3491287
   1585,    5.8746047,  -17.6872578
   1586,  -5.86478949,   17.6944084
   1587,  -17.6265106,  -5.88288355
   1588,   17.6264172,   5.88257027
   1589,   14.4083376,  -4.18659639
   1590,  -4.12691879,  -14.5095778
   1591,   4.12708426,   14.5095615
   1592,  -12.8082952,   10.1116543
   1593,  -14.4031887,   4.15119648
   1594,   10.7092295,   8.58963966
   1595,  -10.7092352,   -8.5896492
   1596,   15.9129629,    12.610074
   1597,  -15.9129601,  -12.6100674
   1598,  -11.6812534,    4.7746048
   1599,   4.62944841,   11.6849194
   1600,  -4.62942839,  -11.6849213
   1601,   11.6914835,  -4.81903458
   1602,  -13.6009588,    11.870676
   1603,  -17.7843361,  -7.39650917
   1604,  -7.38996744,   17.8346901
   1605,    7.4196763,  -17.8136692
   1606,    17.784277,   7.39642668
   1607,   12.9750576,  -3.41943979
   1608,   -3.2716763,  -13.0705652
   1609,   3.27172852,   13.0705614
   1610,  -12.9703112,   3.39300346
   1611,    9.7147646,   -4.5481739
   1612,  -4.36031437,  -9.65114021
   1613,   4.36032057,   9.65114117
   1614,  -9.71367073,   4.52424288
   1615,   -12.407733,  -7.44854164
   1616,    12.407712,   7.44849348
   1617,   9.31267834,   9.52479553
   1618,   -9.3126688,  -9.52479935
   1619,  -15.4598351,   12.6067944
   1620,  -19.3895168,  -8.34219742
   1621,  -8.33049965,   19.4245148
   1622,    8.3816328,  -19.3898087
   1623,   19.3894806,   8.34217262
   1624,   8.47735405,  -6.25152445
   1625,  -6.02112293,  -8.50309372
   1626,   6.02112579,   8.50309372
   1627,  -8.48090744,   6.22473288
   1628,   9.00910473,   7.89905643
   1629,  -9.00910473,  -7.89906359
   1630,   8.36717701,   5.86660957
   1631,   -8.3671751,  -5.86662149
   1632,  -16.8795433,   11.1758003
   1633,   9.08440113,  -7.85136747
   1634,    7.5676403,  -4.04856348
   1635,  -4.25487709,  -7.59819126
   1636,   4.25474215,   7.59827375
   1637,  -9.09606647,   7.79022694
   1638,  -7.56872129,   4.03951836
   1639,   17.8239422,   9.04380703
   1640,   9.16040707,   -17.789854
   1641,  -9.07853889,   17.8724079
   1642,  -17.8239746,   -9.0438261
   1643,    16.007679,    8.4134016
   1644,  -8.41693211,   16.0689888
   1645,   8.48856354,  -15.9691372
   1646,   -16.007719,  -8.41345215
   1647,   16.9074306,   10.5996408
   1648,    -10.87467,   16.9601517
   1649,   10.9970045,  -16.7192726
   1650,   -16.907444,  -10.5996466
   1651,   10.3429813,   4.44833612
   1652,  -10.3429775,  -4.44842339
   1653,  -17.7213783,   12.7487297
   1654,   9.09034061,  -2.87842393
   1655,   7.51555586,  -8.06989956
   1656,   2.54100394,   8.61193275
   1657,  -2.54117537,  -8.61182594
   1658,  -7.52696228,    8.0377903
   1659,  -9.09037209,   2.86922026
   1660,   9.32784557,  -1.20113075
   1661, -0.804631412,  -9.30735397
   1662,  0.804584503,   9.30739021
   1663,  -9.32784653,   1.19739151
   1664,   8.75192738,  -9.47738647
   1665,  -8.79003429,   9.39476204
   1666,   5.57498837,  -8.31158161
   1667,  -5.58092833,   8.30091953
   1668,   18.1280479,   12.4783602
   1669,  -12.2233448,   18.6057835
   1670,   12.6592674,  -18.2038307
   1671,  -18.1280499,  -12.4783545
   1672,   12.2880182,   5.34279776
   1673,  -12.2880392,  -5.34290695
   1674,   8.41669178,   3.51277208
   1675,  -8.41680908,    -3.512784
   1676,   11.1821756, -0.220295712
   1677, 0.0545453764,  -11.1340313
   1678, -0.0545223057,   11.1339808
   1679,  -11.1821098,  0.217072397
   1680,   4.33556938,  -6.52732992
   1681,  -4.33754683,   6.52444363
   1682,  -13.2514677,   17.0150108
   1683,   13.0188828,   -16.438345
   1684,   12.2302074,   3.26650143
   1685,  -12.2302227,  -3.26690602
   1686,   6.84427452,    4.5244236
   1687,   -6.8444519,  -4.52434731
   1688,   13.9868631,   8.44425964
   1689,   8.39348221,  -13.6204023
   1690,  -8.42084026,   13.6919394
   1691,  -13.9868908,  -8.44430923
   1692,   17.0186386,   14.1703691
   1693,  -17.0186348,  -14.1703653
   1694,   5.11670065,   4.45689297
   1695,   -5.1177392,  -4.45628977
   1696,   13.7308254,   4.19465733
   1697,  -13.7308855,  -4.19515753
   1698,    12.320755,   1.43364048
   1699,  -12.3207626,  -1.43520069
   1700,   12.6816034,  -1.71176338
   1701,   1.30159569,   12.9163265
   1702,  -1.30156624,  -12.9163351
   1703,  -12.6810055,   1.70010519
   1704,   7.43717098,   7.57649469
   1705,  -7.43716908,  -7.57649899
   1706,   3.44001174,   -8.7772007
   1707,   5.27575588,  -4.39379835
   1708,  -3.44172883,   8.77452183
   1709,  -5.27786827,   4.39123154
   1710,   9.97920418,  -12.4899139
   1711,  -10.4122152,    12.557395
   1712,   4.19118977,   5.88948917
   1713,  -4.19202948,  -5.88899326
   1714,  0.416452885,  -13.0277996
   1715, -0.416185528,   13.0278931
   1716,   4.90076733,  -9.93539906
   1717,  -4.90658569,   9.92777824
   1718,  -8.58652115,   11.4369183
   1719,   8.48388577,  -11.4680767
   1720,  -12.4492521,   13.4632778
   1721,   13.4691935, -0.100053929
   1722,  -13.4694805,  0.093613565
   1723,  -3.13051224,   4.61286354
   1724,   3.12617826,  -4.61170483
   1725,   5.17655373,  -11.3427401
   1726,  -5.18332815,   11.3371878
   1727,   4.07804251,  -2.89972067
   1728,  -4.08463764,   2.90238333
   1729,  0.969108164,  -4.64232445
   1730, -0.977268815,   4.64687634
   1731, -0.311992973,  -14.2623281
   1732,  0.312266499,    14.262455
   1733,  -11.9820862,   11.6653967
   1734, -0.167548299,  -15.6074772
   1735,  0.167990312,   15.6076336
   1736,   3.59217453,  -10.9266005
   1737,  -3.59412432,   10.9240789
   1738, -0.190231621,  -6.38230991
   1739,   0.18805109,   6.38349199
   1740,   3.17848682,   4.49395084
   1741,  -3.18237233,  -4.49161911
   1742,   4.16062546,   -13.076354
   1743,   -4.1606245,   13.0784073
   1744,   -1.9778409,   12.1653395
   1745,   1.97770298,  -12.1653814
   1746,  -4.13901567,  -2.99717093
   1747,   4.13444138,   2.99991393
   1748,   1.14480913,   4.59837675
   1749,  -1.15388155,  -4.59302902
   1750,  0.398262709,   -8.0549612
   1751,  -0.39880687,   8.05517292
   1752,  -1.10044479,  -7.76911831
   1753,   1.09969115,   7.76952362
   1754,  -4.00766516,   15.1420956
   1755,   4.01246595,  -15.1362572
   1756,  -9.34724998, -0.478791177
   1757, -0.660981596,   9.46597385
   1758,  0.660825372,  -9.46604061
   1759,   9.34728336,  0.477274328
   1760,  -12.3012457,   15.3999691
   1761,   12.4272671,  -15.2501984
   1762,   15.1416788,   4.12944889
   1763,  -15.1417894,  -4.13032579
   1764,  -6.53728962,   12.4217901
   1765,   6.51356554,  -12.4159975
   1766,  -4.01665831,  -1.16333687
   1767,   4.00578594,   1.16979349
   1768,   15.5070753,   -9.2085104
   1769,   9.04031563,   15.7731752
   1770,  -9.03968334,  -15.7733517
   1771,   7.75766754,   9.22852612
   1772,  -7.75765657,  -9.22853088
   1773,   12.6829519,  -13.8461695
   1774,  -10.1644659,   8.51627541
   1775,   10.1435986,  -8.64287758
   1776,  -6.94514036,   46.5202332
   1777,  -46.5205154,  -6.94651413
   1778,   46.5205154,   6.94651413
   1779,   6.94514036,  -46.5202332
   1780,  -19.4244537,   12.8646393
   1781,  -16.4742374,  -6.57988071
   1782,   6.58649778,  -16.5533504
   1783,  -6.56003141,   16.5840378
   1784,   16.4741631,   6.57965612
   1785,   7.50046206,  -26.4321289
   1786,  -7.49895334,   26.4321365
   1787,  -26.4321079,  -7.50011826
   1788,    26.432106,   7.50011635
   1789,    -15.10849,   17.0169373
   1790,   15.3039598, -0.00887088198
   1791,  -15.3048716, -0.000530705613
   1792, 0.0421295576,   3.07648516
   1793, -0.0574433133,  -3.06713986
   1794,  -24.3390961,   9.30100822
   1795,   9.37315559,   24.3094368
   1796,  -9.32440758,  -24.3427296
   1797,   24.3440495,  -9.29385281
   1798,  -16.2921448,  -36.1736946
   1799,    16.292614,   36.1735344
   1800,  -36.1736946,   16.2921448
   1801,   36.1735344,   -16.292614
   1802,  -33.9669189,  -10.0712919
   1803,   33.9669189,   10.0712919
   1804,  -10.0713425,   33.9669075
   1805,   10.0713444,  -33.9669075
   1806,   14.2509594,  -17.1605511
   1807,   7.54317999, -0.0850602984
   1808,  -7.54367399,  0.084149763
   1809,   8.37338448,   1.67119098
   1810,   1.68650079,  -8.65703011
   1811,  -1.68718851,   8.65647602
   1812,  -8.37364864,  -1.67164433
   1813,   41.2125435,   -9.6047039
   1814,  -41.2049217,   9.59139919
   1815,   9.60467148,   41.2131958
   1816,  -9.59136772,  -41.2048531
   1817,  -2.02604961, -0.0295397006
   1818,   2.00789094, 0.0407989249
   1819, 0.00625181478,   1.15580595
   1820, -0.0237065647,  -1.14413619
   1821,  -16.6170902,   14.2301865
   1822,  -5.55997753, -0.0755006373
   1823,    5.5553093, 0.0777982473
   1824,  -13.9940119,   13.2005043
   1825,  -3.95475793,   1.02298188
   1826,   3.94515443,  -1.01764882
   1827,  -7.90647173,   2.04511094
   1828,   7.90575171,  -2.04966378